   0.00000    1.00000    0.00377
   0.00000    2.00000    0.01184
   0.00000    4.00000    0.01515
   0.00000    6.00000    0.01704
   0.00000    8.00000    0.02604
   0.00000   10.00000    0.02841
   0.00000   12.00000    0.03220
   0.00000   14.00000    0.03551
   0.00000   16.00000    0.03977
   0.00000   18.00000    0.04439
   0.00000   20.00000    0.04869
   0.00000   22.00000    0.05303
   0.00000   24.00000    0.05492
   0.00000   26.00000    0.05918
   0.00000   28.00000    0.06534
   0.00000   30.00000    0.07055
   0.00000   32.00000    0.07197
   0.00000   34.00000    0.07670
   0.00000   36.00000    0.08002
   0.00000   38.00000    0.08333
   0.00000   40.00000    0.08475
   0.00000   42.00000    0.09185
   0.00000   46.00000    0.09233
   0.00000   48.00000    0.09043
   0.00000   50.00000    0.09233
   0.00000   52.00000    0.09138
   0.00000   54.00000    0.09280
   0.00000   58.00000    0.10038
   0.00000   60.00000    0.11079
   0.00000   68.00000    0.11742
   0.00000   72.00000    0.11931
   0.00000   74.00000    0.12405
   0.00000   76.00000    0.12263
   0.00000   78.00000    0.13020
   0.00000   82.00000    0.12405
   0.00000   84.00000    0.12168
   0.00000   86.00000    0.11979
   0.00000   88.00000    0.11789
   0.00000   94.00000    0.12026
   0.00000   96.00000    0.12736
   0.00000   98.00000    0.12026
   0.00000  100.00000    0.11979
   0.00000  102.00000    0.12216
   0.00000  104.00000    0.11931
   0.00000  106.00000    0.12310
   0.00000  108.00000    0.12500
   0.00000  110.00000    0.12316
   0.00000  112.00000    0.12609
   0.00000  114.00000    0.12843
   0.00000  116.00000    0.12667
   0.00000  118.00000    0.13078
   0.00000  120.00000    0.13723
   0.00000  122.00000    0.13782
   0.00000  124.00000    0.14075
   0.00000  126.00000    0.14837
   0.00000  128.00000    0.14427
   0.00000  130.00000    0.14310
   0.00000  132.00000    0.14192
   0.00000  134.00000    0.14368
   0.00000  136.00000    0.15072
   0.00000  138.00000    0.14427
   0.00000  144.00000    0.13958
   0.00000  146.00000    0.14075
   0.00000  148.00000    0.14368
  10.00000    0.00000    0.03174
  10.00000    2.00000    0.02806
  10.00000    4.00000    0.02520
  10.00000    6.00000    0.02316
  10.00000    8.00000    0.01784
  10.00000   12.00000    0.01539
  10.00000   14.00000    0.01907
  10.00000   16.00000    0.02479
  10.00000   18.00000    0.03067
  10.00000   20.00000    0.03174
  10.00000   22.00000    0.04033
  10.00000   24.00000    0.04442
  10.00000   28.00000    0.05301
  10.00000   30.00000    0.05751
  10.00000   32.00000    0.06200
  10.00000   34.00000    0.06527
  10.00000   36.00000    0.06977
  10.00000   38.00000    0.06855
  10.00000   40.00000    0.07223
  10.00000   42.00000    0.07713
  10.00000   44.00000    0.07304
  10.00000   46.00000    0.07468
  10.00000   48.00000    0.07672
  10.00000   50.00000    0.07795
  10.00000   52.00000    0.07795
  10.00000   54.00000    0.08163
  10.00000   58.00000    0.08817
  10.00000   60.00000    0.09513
  10.00000   90.00000    0.10970
  10.00000   92.00000    0.10929
  10.00000   94.00000    0.10929
  10.00000   96.00000    0.11174
  10.00000   98.00000    0.11338
  10.00000  100.00000    0.11379
  10.00000  102.00000    0.11379
  10.00000  104.00000    0.11583
  10.00000  106.00000    0.11747
  10.00000  108.00000    0.11583
  10.00000  110.00000    0.11460
  10.00000  112.00000    0.11665
  10.00000  114.00000    0.11992
  10.00000  116.00000    0.11665
  10.00000  118.00000    0.11992
  10.00000  120.00000    0.12564
  10.00000  122.00000    0.12891
  10.00000  124.00000    0.13137
  10.00000  126.00000    0.13546
  10.00000  128.00000    0.13832
  10.00000  130.00000    0.14159
  10.00000  132.00000    0.13587
  10.00000  134.00000    0.13505
  10.00000  136.00000    0.13546
  10.00000  138.00000    0.13382
  10.00000  140.00000    0.13259
  10.00000  142.00000    0.13423
  10.00000  144.00000    0.13505
  10.00000  146.00000    0.13587
  10.00000  148.00000    0.13505
  10.00000  150.00000    0.13832
  10.00000  152.00000    0.13832
  10.00000  154.00000    0.13955
  10.00000  156.00000    0.14282
  10.00000  158.00000    0.14977
  10.00000  160.00000    0.14241
  10.00000  162.00000    0.14445
  15.00000    0.00000    0.04035
  15.00000    2.00000    0.03712
  15.00000    4.00000    0.03605
  15.00000    6.00000    0.03309
  15.00000    8.00000    0.03094
  15.00000   10.00000    0.02394
  15.00000   12.00000    0.01910
  15.00000   14.00000    0.01157
  15.00000   16.00000    0.01184
  15.00000   18.00000    0.01964
  15.00000   20.00000    0.02502
  15.00000   22.00000    0.02825
  15.00000   24.00000    0.03309
  15.00000   26.00000    0.04062
  15.00000   28.00000    0.04439
  15.00000   30.00000    0.04869
  15.00000   32.00000    0.05434
  15.00000   34.00000    0.05617
  15.00000   36.00000    0.06460
  15.00000   38.00000    0.06694
  15.00000   40.00000    0.06881
  15.00000   44.00000    0.06787
  15.00000   46.00000    0.07021
  15.00000   48.00000    0.07396
  15.00000   50.00000    0.07489
  15.00000   52.00000    0.07536
  15.00000   54.00000    0.07864
  15.00000   56.00000    0.07723
  15.00000   58.00000    0.08379
  15.00000   60.00000    0.09034
  15.00000   68.00000    0.09736
  15.00000   70.00000    0.09783
  15.00000   72.00000    0.10017
  15.00000   74.00000    0.10626
  15.00000   76.00000    0.10719
  15.00000   78.00000    0.10766
  15.00000   80.00000    0.11375
  15.00000   82.00000    0.11094
  15.00000   84.00000    0.11234
  15.00000   86.00000    0.11562
  15.00000   88.00000    0.10626
  15.00000   90.00000    0.10860
  15.00000   92.00000    0.11047
  15.00000   94.00000    0.11141
  15.00000   96.00000    0.11187
  15.00000   98.00000    0.11000
  15.00000  100.00000    0.10860
  15.00000  102.00000    0.11094
  15.00000  104.00000    0.10860
  15.00000  106.00000    0.11281
  15.00000  108.00000    0.11094
  15.00000  110.00000    0.11328
  15.00000  112.00000    0.11375
  15.00000  114.00000    0.11468
  15.00000  116.00000    0.11234
  15.00000  118.00000    0.11983
  15.00000  120.00000    0.12404
  15.00000  122.00000    0.12685
  15.00000  124.00000    0.13247
  15.00000  126.00000    0.13621
  15.00000  128.00000    0.13106
  15.00000  130.00000    0.13013
  15.00000  132.00000    0.12872
  15.00000  134.00000    0.12966
  15.00000  136.00000    0.13013
  15.00000  138.00000    0.12779
  15.00000  140.00000    0.12358
  15.00000  142.00000    0.12638
  15.00000  144.00000    0.12872
  15.00000  146.00000    0.12826
  15.00000  148.00000    0.13106
  15.00000  150.00000    0.13200
  15.00000  152.00000    0.13106
  15.00000  154.00000    0.13949
  15.00000  156.00000    0.13949
  15.00000  158.00000    0.14183
  15.00000  160.00000    0.13528
  15.00000  162.00000    0.13668
  20.00000    0.00000    0.05167
  20.00000    2.00000    0.04904
  20.00000    4.00000    0.04729
  20.00000    6.00000    0.04466
  20.00000    8.00000    0.04203
  20.00000   10.00000    0.03545
  20.00000   12.00000    0.03150
  20.00000   14.00000    0.02405
  20.00000   16.00000    0.01966
  20.00000   18.00000    0.01572
  20.00000   22.00000    0.01659
  20.00000   24.00000    0.02010
  20.00000   26.00000    0.02712
  20.00000   28.00000    0.03413
  20.00000   30.00000    0.03940
  20.00000   32.00000    0.04510
  20.00000   34.00000    0.04992
  20.00000   36.00000    0.05518
  20.00000   38.00000    0.05825
  20.00000   40.00000    0.06176
  20.00000   42.00000    0.07097
  20.00000   44.00000    0.06307
  20.00000   46.00000    0.06790
  20.00000   48.00000    0.07141
  20.00000   50.00000    0.07491
  20.00000   52.00000    0.07360
  20.00000   54.00000    0.07842
  20.00000   58.00000    0.08719
  20.00000   60.00000    0.08763
  20.00000   68.00000    0.09640
  20.00000   70.00000    0.09859
  20.00000   72.00000    0.10122
  20.00000   74.00000    0.10210
  20.00000   76.00000    0.10473
  20.00000   80.00000    0.11262
  20.00000   90.00000    0.10122
  20.00000   94.00000    0.10692
  20.00000   96.00000    0.10912
  20.00000   98.00000    0.11043
  20.00000  100.00000    0.10912
  20.00000  102.00000    0.10999
  20.00000  106.00000    0.11175
  20.00000  108.00000    0.11394
  20.00000  110.00000    0.11043
  20.00000  112.00000    0.11262
  20.00000  114.00000    0.11394
  20.00000  116.00000    0.11526
  30.00000    0.00000    0.07000
  30.00000    2.00000    0.06809
  30.00000    4.00000    0.06857
  30.00000    6.00000    0.06476
  30.00000    8.00000    0.06238
  30.00000   10.00000    0.05714
  30.00000   12.00000    0.05596
  30.00000   14.00000    0.05084
  30.00000   16.00000    0.04654
  30.00000   18.00000    0.04331
  30.00000   20.00000    0.04047
  30.00000   22.00000    0.03476
  30.00000   24.00000    0.03000
  30.00000   26.00000    0.02476
  30.00000   28.00000    0.01762
  30.00000   32.00000    0.02047
  30.00000   34.00000    0.02905
  30.00000   36.00000    0.03571
  30.00000   38.00000    0.03905
  30.00000   40.00000    0.04428
  30.00000   42.00000    0.05285
  30.00000   44.00000    0.04524
  30.00000   46.00000    0.05047
  30.00000   48.00000    0.05571
  30.00000   50.00000    0.05714
  30.00000   52.00000    0.06047
  30.00000   54.00000    0.06571
  30.00000   56.00000    0.07000
  30.00000   58.00000    0.06476
  30.00000   60.00000    0.07476
  30.00000   62.00000    0.08142
  30.00000   64.00000    0.08571
  30.00000   66.00000    0.08999
  30.00000   90.00000    0.10904
  30.00000   96.00000    0.11523
  30.00000   98.00000    0.11475
  30.00000  100.00000    0.11142
  30.00000  102.00000    0.11571
  30.00000  104.00000    0.11142
  30.00000  106.00000    0.11475
  30.00000  108.00000    0.11714
  30.00000  110.00000    0.11571
  30.00000  112.00000    0.11618
  30.00000  114.00000    0.11761
  30.00000  116.00000    0.11809
  30.00000  118.00000    0.12190
  30.00000  120.00000    0.12475
  30.00000  122.00000    0.12761
  30.00000  124.00000    0.13142
  30.00000  126.00000    0.13666
  30.00000  128.00000    0.13428
  30.00000  130.00000    0.13951
  30.00000  132.00000    0.13285
  30.00000  134.00000    0.13190
  30.00000  136.00000    0.13190
  30.00000  138.00000    0.13047
  30.00000  142.00000    0.12999
  30.00000  144.00000    0.12904
  30.00000  146.00000    0.13190
  30.00000  148.00000    0.13523
  30.00000  150.00000    0.13475
  30.00000  152.00000    0.13094
  30.00000  154.00000    0.13332
  30.00000  158.00000    0.13761
  30.00000  160.00000    0.13904
  30.00000  162.00000    0.14047
  30.00000  166.00000    0.14761
  30.00000  170.00000    0.15332
  30.00000  172.00000    0.14951
  30.00000  174.00000    0.14666
  30.00000  176.00000    0.14951
  30.00000  178.00000    0.14713
  30.00000  180.00000    0.14666
  30.00000  182.00000    0.14904
  30.00000  184.00000    0.15047
  30.00000  186.00000    0.15142
  30.00000  188.00000    0.15570
  30.00000  190.00000    0.15761
  40.00000    0.00000    0.08720
  40.00000    2.00000    0.08478
  40.00000    4.00000    0.08209
  40.00000    6.00000    0.07859
  40.00000    8.00000    0.07617
  40.00000   10.00000    0.07241
  40.00000   12.00000    0.06999
  40.00000   14.00000    0.06891
  40.00000   16.00000    0.06595
  40.00000   18.00000    0.06537
  40.00000   20.00000    0.06299
  40.00000   22.00000    0.05976
  40.00000   24.00000    0.05842
  40.00000   26.00000    0.05384
  40.00000   28.00000    0.04873
  40.00000   30.00000    0.04416
  40.00000   32.00000    0.03824
  40.00000   34.00000    0.03367
  40.00000   36.00000    0.02883
  40.00000   38.00000    0.02049
  40.00000   42.00000    0.02102
  40.00000   44.00000    0.02667
  40.00000   46.00000    0.02883
  40.00000   48.00000    0.03743
  40.00000   50.00000    0.04120
  40.00000   52.00000    0.04470
  40.00000   54.00000    0.04954
  40.00000   58.00000    0.05869
  40.00000   60.00000    0.06729
  40.00000   64.00000    0.08161
  40.00000   66.00000    0.08203
  40.00000   68.00000    0.09273
  45.00000    0.00000    0.08770
  45.00000    2.00000    0.08393
  45.00000    4.00000    0.08178
  45.00000    6.00000    0.08097
  45.00000    8.00000    0.07963
  45.00000   10.00000    0.07559
  45.00000   12.00000    0.07317
  45.00000   14.00000    0.07183
  45.00000   16.00000    0.07102
  45.00000   18.00000    0.07021
  45.00000   20.00000    0.06994
  45.00000   22.00000    0.06510
  45.00000   24.00000    0.06429
  45.00000   26.00000    0.06107
  45.00000   28.00000    0.05757
  45.00000   30.00000    0.05058
  45.00000   32.00000    0.04762
  45.00000   34.00000    0.04331
  45.00000   36.00000    0.03766
  45.00000   38.00000    0.03255
  45.00000   40.00000    0.03147
  45.00000   42.00000    0.02825
  45.00000   44.00000    0.01318
  45.00000   46.00000    0.01426
  45.00000   48.00000    0.02529
  45.00000   50.00000    0.03228
  45.00000   52.00000    0.03605
  45.00000   54.00000    0.04008
  45.00000   56.00000    0.04008
  45.00000   58.00000    0.04546
  45.00000   60.00000    0.05407
  45.00000   62.00000    0.05703
  45.00000   64.00000    0.06645
  45.00000   66.00000    0.06689
  45.00000   68.00000    0.08169
  45.00000   70.00000    0.08357
  45.00000   72.00000    0.08680
  45.00000   74.00000    0.09397
  45.00000   76.00000    0.09923
  45.00000   78.00000    0.10186
  45.00000  100.00000    0.11063
  45.00000  104.00000    0.11195
  45.00000  106.00000    0.11458
  45.00000  108.00000    0.11370
  45.00000  110.00000    0.11677
  45.00000  112.00000    0.11896
  45.00000  114.00000    0.11984
  45.00000  116.00000    0.11940
  45.00000  118.00000    0.11984
  50.00000    0.00000    0.08904
  50.00000    2.00000    0.08306
  50.00000    4.00000    0.08239
  50.00000    6.00000    0.08239
  50.00000    8.00000    0.08173
  50.00000   10.00000    0.07708
  50.00000   12.00000    0.07376
  50.00000   14.00000    0.07309
  50.00000   16.00000    0.07110
  50.00000   18.00000    0.07129
  50.00000   20.00000    0.07176
  50.00000   22.00000    0.06645
  50.00000   24.00000    0.06512
  50.00000   26.00000    0.06312
  50.00000   28.00000    0.06113
  50.00000   30.00000    0.05980
  50.00000   32.00000    0.05116
  50.00000   34.00000    0.04984
  50.00000   36.00000    0.04518
  50.00000   38.00000    0.04253
  50.00000   40.00000    0.04319
  50.00000   42.00000    0.04186
  50.00000   44.00000    0.03588
  50.00000   46.00000    0.02658
  50.00000   48.00000    0.01993
  50.00000   52.00000    0.01927
  50.00000   54.00000    0.02591
  50.00000   56.00000    0.02791
  50.00000   58.00000    0.03322
  50.00000   60.00000    0.04186
  50.00000   62.00000    0.04784
  50.00000   64.00000    0.05582
  50.00000   66.00000    0.05781
  50.00000   68.00000    0.06512
  50.00000   70.00000    0.06911
  50.00000   72.00000    0.07376
  50.00000   74.00000    0.07641
  50.00000   76.00000    0.07974
  50.00000   78.00000    0.08173
  50.00000   80.00000    0.08705
  50.00000   82.00000    0.08771
  50.00000   84.00000    0.08904
  50.00000   86.00000    0.09170
  50.00000   88.00000    0.09635
  50.00000   90.00000    0.09834
  50.00000   92.00000    0.09834
  50.00000   94.00000    0.10432
  50.00000   96.00000    0.10632
  50.00000   98.00000    0.10565
  50.00000  100.00000    0.10499
  50.00000  102.00000    0.10632
  50.00000  104.00000    0.10831
  50.00000  106.00000    0.10964
  50.00000  108.00000    0.11163
  50.00000  110.00000    0.10831
  50.00000  112.00000    0.11230
  50.00000  114.00000    0.11362
  50.00000  116.00000    0.11362
  50.00000  118.00000    0.11495
  50.00000  120.00000    0.11960
  50.00000  122.00000    0.11894
  50.00000  124.00000    0.12160
  50.00000  126.00000    0.13024
  50.00000  128.00000    0.12824
  50.00000  130.00000    0.12625
  50.00000  132.00000    0.12625
  50.00000  134.00000    0.12492
  50.00000  136.00000    0.12492
  50.00000  138.00000    0.12492
  50.00000  142.00000    0.12359
  50.00000  144.00000    0.12359
  50.00000  146.00000    0.12492
  50.00000  148.00000    0.12359
  60.00000    0.00000    0.11132
  60.00000    2.00000    0.10718
  60.00000    4.00000    0.10534
  60.00000    6.00000    0.10074
  60.00000    8.00000    0.09798
  60.00000   10.00000    0.09568
  60.00000   12.00000    0.09338
  60.00000   14.00000    0.09154
  60.00000   16.00000    0.08924
  60.00000   18.00000    0.08786
  60.00000   20.00000    0.08832
  60.00000   22.00000    0.08602
  60.00000   24.00000    0.08464
  60.00000   26.00000    0.08050
  60.00000   28.00000    0.07774
  60.00000   30.00000    0.07590
  60.00000   32.00000    0.07544
  60.00000   34.00000    0.07038
  60.00000   36.00000    0.07038
  60.00000   38.00000    0.06302
  60.00000   40.00000    0.06578
  60.00000   42.00000    0.06348
  60.00000   44.00000    0.05704
  60.00000   46.00000    0.05382
  60.00000   48.00000    0.04738
  60.00000   50.00000    0.04462
  60.00000   52.00000    0.03864
  60.00000   54.00000    0.03358
  60.00000   56.00000    0.02714
  60.00000   58.00000    0.01610
  60.00000   62.00000    0.02300
  60.00000   64.00000    0.02990
  60.00000   66.00000    0.03496
  60.00000   68.00000    0.04278
  60.00000   70.00000    0.04646
  60.00000   72.00000    0.05290
  60.00000   74.00000    0.05152
  60.00000   76.00000    0.05336
  60.00000   78.00000    0.06026
  60.00000   80.00000    0.05980
  60.00000   82.00000    0.06532
  60.00000   86.00000    0.06542
  60.00000   88.00000    0.06956
  60.00000   90.00000    0.07186
  60.00000   92.00000    0.07692
  60.00000   94.00000    0.08152
  60.00000   96.00000    0.08382
  60.00000   98.00000    0.08382
  60.00000  100.00000    0.08750
  60.00000  102.00000    0.09072
  60.00000  104.00000    0.09302
  60.00000  112.00000    0.10866
  60.00000  114.00000    0.11004
  60.00000  116.00000    0.11372
  60.00000  118.00000    0.11694
  60.00000  120.00000    0.11970
  60.00000  122.00000    0.12476
  60.00000  124.00000    0.12660
  60.00000  126.00000    0.12936
  60.00000  128.00000    0.12614
  60.00000  130.00000    0.12936
  60.00000  132.00000    0.12614
  60.00000  134.00000    0.12752
  60.00000  136.00000    0.12752
  60.00000  138.00000    0.12476
  60.00000  140.00000    0.12062
  60.00000  142.00000    0.12430
  60.00000  144.00000    0.12660
  60.00000  146.00000    0.12798
  60.00000  148.00000    0.12844
  60.00000  150.00000    0.13074
  60.00000  152.00000    0.12568
  60.00000  154.00000    0.13166
  60.00000  156.00000    0.13856
  60.00000  158.00000    0.13718
  60.00000  160.00000    0.13442
  60.00000  162.00000    0.13488
  60.00000  172.00000    0.14178
  60.00000  174.00000    0.14316
  60.00000  176.00000    0.14224
  60.00000  178.00000    0.14178
  60.00000  180.00000    0.14316
  60.00000  182.00000    0.14316
  60.00000  184.00000    0.14730
  60.00000  186.00000    0.14914
  60.00000  188.00000    0.14868
  60.00000  190.00000    0.14822
  70.00000    0.00000    0.11224
  70.00000    2.00000    0.10968
  70.00000    4.00000    0.10798
  70.00000    6.00000    0.10841
  70.00000    8.00000    0.10841
  70.00000   10.00000    0.10331
  70.00000   12.00000    0.09906
  70.00000   14.00000    0.09778
  70.00000   16.00000    0.09566
  70.00000   18.00000    0.09821
  70.00000   20.00000    0.10033
  70.00000   22.00000    0.09736
  70.00000   24.00000    0.09523
  70.00000   26.00000    0.09438
  70.00000   28.00000    0.09396
  70.00000   30.00000    0.09013
  70.00000   32.00000    0.09056
  70.00000   34.00000    0.08971
  70.00000   36.00000    0.08843
  70.00000   38.00000    0.08758
  70.00000   42.00000    0.09056
  70.00000   44.00000    0.08418
  70.00000   46.00000    0.08333
  70.00000   48.00000    0.07568
  70.00000   50.00000    0.06888
  70.00000   52.00000    0.06676
  70.00000   54.00000    0.06250
  70.00000   56.00000    0.05371
  70.00000   58.00000    0.04818
  70.00000   60.00000    0.04648
  70.00000   62.00000    0.04053
  70.00000   64.00000    0.03458
  70.00000   66.00000    0.02778
  70.00000   68.00000    0.02055
  70.00000   72.00000    0.01885
  70.00000   74.00000    0.02098
  70.00000   76.00000    0.02650
  70.00000   78.00000    0.03160
  70.00000   80.00000    0.03458
  70.00000   82.00000    0.03458
  70.00000   84.00000    0.04180
  70.00000   86.00000    0.04818
  70.00000   88.00000    0.05158
  70.00000   90.00000    0.05541
  70.00000   92.00000    0.06136
  70.00000   94.00000    0.06561
  70.00000   96.00000    0.07241
  70.00000   98.00000    0.07708
  70.00000  100.00000    0.08303
  70.00000  102.00000    0.08898
  70.00000  104.00000    0.09494
  70.00000  106.00000    0.10046
  70.00000  108.00000    0.09706
  70.00000  110.00000    0.09791
  70.00000  112.00000    0.09919
  70.00000  120.00000    0.10684
  70.00000  122.00000    0.11024
  70.00000  124.00000    0.11746
  70.00000  126.00000    0.12639
  70.00000  128.00000    0.12809
  70.00000  130.00000    0.13191
  70.00000  132.00000    0.12894
  70.00000  134.00000    0.12979
  70.00000  136.00000    0.13064
  70.00000  138.00000    0.12894
  75.00000    0.00000    0.12236
  75.00000    2.00000    0.12147
  75.00000    4.00000    0.11700
  75.00000    6.00000    0.11834
  75.00000    8.00000    0.11611
  75.00000   10.00000    0.11343
  75.00000   12.00000    0.11299
  75.00000   14.00000    0.11031
  75.00000   16.00000    0.10763
  75.00000   18.00000    0.10629
  75.00000   20.00000    0.10807
  75.00000   22.00000    0.10648
  75.00000   24.00000    0.10916
  75.00000   26.00000    0.10782
  75.00000   28.00000    0.10737
  75.00000   30.00000    0.10469
  75.00000   32.00000    0.10291
  75.00000   34.00000    0.09889
  75.00000   36.00000    0.10201
  75.00000   38.00000    0.09978
  75.00000   42.00000    0.09889
  75.00000   44.00000    0.09487
  75.00000   46.00000    0.09442
  75.00000   48.00000    0.08638
  75.00000   50.00000    0.08236
  75.00000   52.00000    0.07254
  75.00000   54.00000    0.07031
  75.00000   58.00000    0.05869
  75.00000   60.00000    0.05646
  75.00000   64.00000    0.04530
  75.00000   70.00000    0.02342
  75.00000   72.00000    0.02163
  75.00000   78.00000    0.01806
  75.00000   80.00000    0.02431
  75.00000   82.00000    0.02877
  75.00000   84.00000    0.03190
  75.00000   86.00000    0.03592
  75.00000   88.00000    0.04083
  75.00000   90.00000    0.04619
  75.00000   92.00000    0.05602
  75.00000   94.00000    0.06227
  75.00000   96.00000    0.06852
  75.00000   98.00000    0.07432
  75.00000  100.00000    0.07700
  75.00000  102.00000    0.08236
  75.00000  104.00000    0.08862
  75.00000  106.00000    0.08995
  75.00000  108.00000    0.08951
  75.00000  110.00000    0.09129
  75.00000  112.00000    0.09487
  75.00000  114.00000    0.09665
  75.00000  116.00000    0.09531
  75.00000  118.00000    0.10201
  75.00000  120.00000    0.10648
  75.00000  122.00000    0.10380
  75.00000  124.00000    0.11139
  75.00000  126.00000    0.12300
  75.00000  128.00000    0.12523
  75.00000  130.00000    0.13149
  80.00000    0.00000    0.12502
  80.00000    2.00000    0.12064
  80.00000    6.00000    0.11865
  80.00000    8.00000    0.11905
  80.00000   10.00000    0.11666
  80.00000   12.00000    0.11506
  80.00000   14.00000    0.11029
  80.00000   16.00000    0.10471
  80.00000   18.00000    0.10670
  80.00000   20.00000    0.10750
  80.00000   22.00000    0.10750
  80.00000   24.00000    0.10750
  80.00000   26.00000    0.11546
  80.00000   28.00000    0.11347
  80.00000   30.00000    0.11148
  80.00000   32.00000    0.11029
  80.00000   34.00000    0.10670
  80.00000   36.00000    0.10750
  80.00000   38.00000    0.10471
  80.00000   42.00000    0.10830
  80.00000   44.00000    0.10312
  80.00000   46.00000    0.09993
  80.00000   48.00000    0.09197
  80.00000   50.00000    0.08640
  80.00000   52.00000    0.08122
  80.00000   54.00000    0.07804
  80.00000   56.00000    0.07246
  80.00000   58.00000    0.06410
  80.00000   60.00000    0.06012
  80.00000   62.00000    0.05216
  80.00000   64.00000    0.05017
  80.00000   66.00000    0.04181
  80.00000   68.00000    0.03981
  80.00000   70.00000    0.03305
  80.00000   72.00000    0.02747
  80.00000   74.00000    0.02230
  80.00000   76.00000    0.01792
  80.00000   78.00000    0.01115
  80.00000   82.00000    0.01831
  80.00000   84.00000    0.02230
  80.00000   86.00000    0.02747
  80.00000   88.00000    0.03424
  80.00000   90.00000    0.03822
  80.00000   92.00000    0.04499
  80.00000   94.00000    0.04857
  80.00000   96.00000    0.06211
  80.00000   98.00000    0.06649
  80.00000  100.00000    0.06928
  80.00000  102.00000    0.07883
  80.00000  104.00000    0.08202
  80.00000  106.00000    0.08361
  80.00000  108.00000    0.08441
  80.00000  110.00000    0.08600
  80.00000  112.00000    0.09078
  80.00000  114.00000    0.09356
  80.00000  116.00000    0.09794
  80.00000  118.00000    0.10153
  80.00000  120.00000    0.11267
  80.00000  122.00000    0.11586
  80.00000  124.00000    0.11666
  90.00000    0.00000    0.11765
  90.00000    2.00000    0.11765
  90.00000    4.00000    0.11584
  90.00000    8.00000    0.11223
  90.00000   10.00000    0.10951
  90.00000   12.00000    0.10499
  90.00000   14.00000    0.10228
  90.00000   16.00000    0.10274
  90.00000   18.00000    0.10228
  90.00000   20.00000    0.10274
  90.00000   22.00000    0.10635
  90.00000   24.00000    0.10997
  90.00000   26.00000    0.11042
  90.00000   28.00000    0.10816
  90.00000   30.00000    0.10590
  90.00000   52.00000    0.08702
  90.00000   54.00000    0.08418
  90.00000   56.00000    0.07661
  90.00000   58.00000    0.07282
  90.00000   60.00000    0.06998
  90.00000   62.00000    0.06761
  90.00000   66.00000    0.06477
  90.00000   68.00000    0.06240
  90.00000   70.00000    0.05388
  90.00000   72.00000    0.05199
  90.00000   74.00000    0.04583
  90.00000   76.00000    0.04347
  90.00000   78.00000    0.04062
  90.00000   80.00000    0.03873
  90.00000   82.00000    0.03116
  90.00000   84.00000    0.02430
  90.00000   86.00000    0.02288
  90.00000   88.00000    0.01862
  90.00000   92.00000    0.01956
  90.00000   94.00000    0.02572
  90.00000   96.00000    0.03377
  90.00000   98.00000    0.03803
  90.00000  100.00000    0.04418
  90.00000  102.00000    0.05081
  90.00000  104.00000    0.05507
  90.00000  106.00000    0.06218
  90.00000  108.00000    0.06975
  90.00000  110.00000    0.06928
  90.00000  112.00000    0.07401
  90.00000  114.00000    0.07401
  90.00000  116.00000    0.07496
  90.00000  118.00000    0.07875
  90.00000  120.00000    0.08443
  90.00000  122.00000    0.08632
  90.00000  124.00000    0.09769
  90.00000  126.00000    0.10573
  90.00000  128.00000    0.10810
  90.00000  130.00000    0.11284
  90.00000  132.00000    0.11378
  90.00000  134.00000    0.11662
  90.00000  136.00000    0.11587
  90.00000  138.00000    0.11492
  90.00000  140.00000    0.11255
  90.00000  142.00000    0.11492
  90.00000  144.00000    0.11681
  90.00000  146.00000    0.12202
  90.00000  148.00000    0.11918
  90.00000  150.00000    0.11918
  90.00000  152.00000    0.11729
  90.00000  178.00000    0.13149
  90.00000  180.00000    0.13386
  90.00000  182.00000    0.13007
  90.00000  184.00000    0.13196
  90.00000  186.00000    0.13528
  90.00000  188.00000    0.13622
  90.00000  190.00000    0.13717
 100.00000    8.00000    0.11487
 100.00000   10.00000    0.11221
 100.00000   12.00000    0.10555
 100.00000   14.00000    0.10378
 100.00000   16.00000    0.10466
 100.00000   18.00000    0.10644
 100.00000   20.00000    0.10733
 100.00000   22.00000    0.10688
 100.00000   24.00000    0.10910
 100.00000   26.00000    0.11043
 100.00000   28.00000    0.11043
 100.00000   30.00000    0.11088
 100.00000   32.00000    0.11043
 100.00000   34.00000    0.11132
 100.00000   48.00000    0.10644
 100.00000   50.00000    0.10511
 100.00000   58.00000    0.08868
 100.00000   60.00000    0.08691
 100.00000   68.00000    0.08913
 100.00000   70.00000    0.08203
 100.00000   72.00000    0.07892
 100.00000   74.00000    0.07404
 100.00000   76.00000    0.07270
 100.00000   78.00000    0.06915
 100.00000   80.00000    0.06738
 100.00000   82.00000    0.06427
 100.00000   84.00000    0.06028
 100.00000   86.00000    0.05495
 100.00000   88.00000    0.04873
 100.00000   90.00000    0.04358
 100.00000   94.00000    0.02986
 100.00000   96.00000    0.02636
 100.00000  102.00000    0.02097
 100.00000  106.00000    0.03207
 100.00000  108.00000    0.03829
 100.00000  110.00000    0.04272
 100.00000  112.00000    0.04672
 100.00000  114.00000    0.05249
 100.00000  116.00000    0.05560
 100.00000  118.00000    0.06004
 100.00000  120.00000    0.06847
 100.00000  122.00000    0.07202
 100.00000  124.00000    0.07557
 100.00000  126.00000    0.08756
 100.00000  128.00000    0.08978
 100.00000  130.00000    0.09643
 100.00000  132.00000    0.09555
 100.00000  134.00000    0.09821
 100.00000  136.00000    0.10132
 100.00000  138.00000    0.09910
 100.00000  142.00000    0.10620
 100.00000  144.00000    0.10931
 100.00000  146.00000    0.10886
 100.00000  148.00000    0.11641
 100.00000  150.00000    0.11596
 100.00000  152.00000    0.12040
 100.00000  154.00000    0.12351
 105.00000    0.00000    0.12314
 105.00000    2.00000    0.12113
 105.00000    4.00000    0.11749
 105.00000    6.00000    0.11628
 105.00000    8.00000    0.11507
 105.00000   10.00000    0.11346
 105.00000   12.00000    0.11386
 105.00000   14.00000    0.11063
 105.00000   16.00000    0.10781
 105.00000   18.00000    0.10700
 105.00000   20.00000    0.10983
 105.00000   22.00000    0.10902
 105.00000   24.00000    0.11185
 105.00000   26.00000    0.11669
 105.00000   28.00000    0.11588
 105.00000   30.00000    0.11709
 105.00000   32.00000    0.11669
 105.00000   34.00000    0.11749
 105.00000   36.00000    0.11669
 105.00000   42.00000    0.11992
 105.00000   46.00000    0.11346
 105.00000   48.00000    0.11386
 105.00000   50.00000    0.11023
 105.00000   52.00000    0.10700
 105.00000   54.00000    0.10700
 105.00000   58.00000    0.10371
 105.00000   60.00000    0.09765
 105.00000   70.00000    0.09523
 105.00000   72.00000    0.09241
 105.00000   74.00000    0.08999
 105.00000   76.00000    0.08756
 105.00000   78.00000    0.08514
 105.00000   80.00000    0.08192
 105.00000   82.00000    0.08071
 105.00000   84.00000    0.07748
 105.00000   86.00000    0.07425
 105.00000   88.00000    0.06779
 105.00000   90.00000    0.06255
 105.00000   92.00000    0.05811
 105.00000   94.00000    0.05165
 105.00000   96.00000    0.04560
 105.00000   98.00000    0.03833
 105.00000  100.00000    0.03269
 105.00000  102.00000    0.02825
 105.00000  104.00000    0.01237
 105.00000  108.00000    0.02819
 105.00000  110.00000    0.03304
 105.00000  112.00000    0.03707
 105.00000  114.00000    0.04070
 105.00000  116.00000    0.04433
 105.00000  118.00000    0.04877
 105.00000  120.00000    0.05523
 105.00000  122.00000    0.06209
 105.00000  124.00000    0.06572
 105.00000  126.00000    0.07541
 105.00000  128.00000    0.07904
 105.00000  130.00000    0.08065
 105.00000  132.00000    0.08348
 105.00000  134.00000    0.08509
 105.00000  136.00000    0.08993
 105.00000  138.00000    0.09195
 105.00000  140.00000    0.09195
 105.00000  142.00000    0.09720
 105.00000  144.00000    0.10164
 105.00000  146.00000    0.10486
 105.00000  148.00000    0.10891
 105.00000  150.00000    0.10932
 105.00000  152.00000    0.10730
 105.00000  154.00000    0.11295
 105.00000  156.00000    0.11820
 105.00000  158.00000    0.11739
 105.00000  160.00000    0.11456
 105.00000  162.00000    0.11537
 105.00000  168.00000    0.12344
 105.00000  170.00000    0.12183
 105.00000  174.00000    0.12344
 105.00000  176.00000    0.12183
 105.00000  178.00000    0.12263
 105.00000  180.00000    0.12263
 105.00000  182.00000    0.12223
 105.00000  184.00000    0.12546
 105.00000  186.00000    0.12707
 105.00000  188.00000    0.12949
 105.00000  190.00000    0.13111
 110.00000    4.00000    0.12178
 110.00000    8.00000    0.11692
 110.00000   10.00000    0.11449
 110.00000   12.00000    0.11241
 110.00000   14.00000    0.10998
 110.00000   16.00000    0.10998
 110.00000   18.00000    0.10963
 110.00000   20.00000    0.11137
 110.00000   22.00000    0.11032
 110.00000   24.00000    0.11102
 110.00000   26.00000    0.11657
 110.00000   28.00000    0.11657
 110.00000   30.00000    0.11518
 110.00000   32.00000    0.11588
 110.00000   34.00000    0.11484
 110.00000   36.00000    0.11761
 110.00000   38.00000    0.11379
 110.00000   42.00000    0.10963
 110.00000   46.00000    0.11171
 110.00000   50.00000    0.10894
 110.00000   52.00000    0.10859
 110.00000   58.00000    0.10998
 110.00000   60.00000    0.10616
 110.00000   68.00000    0.09887
 110.00000   70.00000    0.09748
 110.00000   72.00000    0.09748
 110.00000   74.00000    0.09297
 110.00000   76.00000    0.09158
 110.00000   78.00000    0.08953
 110.00000   80.00000    0.08572
 110.00000   82.00000    0.08259
 110.00000   84.00000    0.08121
 110.00000   86.00000    0.07982
 110.00000   88.00000    0.07635
 110.00000   90.00000    0.07253
 110.00000   92.00000    0.07010
 110.00000   94.00000    0.06247
 110.00000   96.00000    0.05518
 110.00000   98.00000    0.04997
 110.00000  100.00000    0.04477
 110.00000  102.00000    0.04199
 110.00000  104.00000    0.03366
 110.00000  106.00000    0.03019
 110.00000  108.00000    0.02047
 110.00000  112.00000    0.01943
 110.00000  114.00000    0.02513
 110.00000  116.00000    0.02929
 110.00000  118.00000    0.03276
 110.00000  120.00000    0.04040
 110.00000  122.00000    0.04595
 110.00000  124.00000    0.05220
 110.00000  126.00000    0.06087
 110.00000  128.00000    0.06712
 110.00000  130.00000    0.07302
 110.00000  132.00000    0.07614
 110.00000  134.00000    0.07961
 110.00000  136.00000    0.08343
 110.00000  138.00000    0.08378
 110.00000  142.00000    0.09037
 110.00000  144.00000    0.09315
 110.00000  146.00000    0.09453
 110.00000  148.00000    0.09939
 110.00000  150.00000    0.09870
 110.00000  152.00000    0.09766
 110.00000  154.00000    0.10624
 110.00000  156.00000    0.10971
 110.00000  158.00000    0.11179
 110.00000  160.00000    0.11110
 110.00000  162.00000    0.11353
 110.00000  172.00000    0.12672
 110.00000  174.00000    0.12602
 110.00000  176.00000    0.12394
 110.00000  180.00000    0.12845
 110.00000  182.00000    0.12706
 110.00000  184.00000    0.12672
 110.00000  186.00000    0.12602
 110.00000  188.00000    0.12706
 110.00000  190.00000    0.12741
 120.00000   74.00000    0.11893
 120.00000   76.00000    0.11574
 120.00000   78.00000    0.11534
 120.00000   80.00000    0.11574
 120.00000   82.00000    0.10738
 120.00000   84.00000    0.10340
 120.00000   86.00000    0.09782
 120.00000   88.00000    0.09543
 120.00000   90.00000    0.08707
 120.00000   92.00000    0.08867
 120.00000   94.00000    0.08349
 120.00000   96.00000    0.08031
 120.00000   98.00000    0.07712
 120.00000  100.00000    0.06956
 120.00000  102.00000    0.06438
 120.00000  104.00000    0.05841
 120.00000  106.00000    0.05363
 120.00000  108.00000    0.04806
 120.00000  110.00000    0.04248
 120.00000  112.00000    0.03332
 120.00000  114.00000    0.02815
 120.00000  116.00000    0.02128
 120.00000  118.00000    0.01252
 120.00000  122.00000    0.01570
 120.00000  124.00000    0.02168
 120.00000  126.00000    0.03203
 120.00000  128.00000    0.03681
 120.00000  130.00000    0.04238
 120.00000  132.00000    0.04556
 120.00000  134.00000    0.05074
 120.00000  136.00000    0.05393
 120.00000  138.00000    0.05512
 120.00000  140.00000    0.06308
 120.00000  142.00000    0.06268
 120.00000  144.00000    0.06706
 120.00000  146.00000    0.06985
 120.00000  148.00000    0.07662
 120.00000  150.00000    0.07264
 120.00000  152.00000    0.07144
 120.00000  154.00000    0.07065
 120.00000  156.00000    0.08379
 120.00000  158.00000    0.08817
 120.00000  160.00000    0.08540
 120.00000  162.00000    0.09336
 120.00000  172.00000    0.11247
 120.00000  174.00000    0.11287
 120.00000  176.00000    0.11566
 120.00000  178.00000    0.11645
 120.00000  180.00000    0.12163
 130.00000   82.00000    0.12241
 130.00000   84.00000    0.12280
 130.00000   86.00000    0.12048
 130.00000   88.00000    0.12048
 130.00000   90.00000    0.11428
 130.00000   92.00000    0.10731
 130.00000   94.00000    0.10537
 130.00000   96.00000    0.10459
 130.00000   98.00000    0.09956
 130.00000  100.00000    0.09878
 130.00000  102.00000    0.09530
 130.00000  104.00000    0.09142
 130.00000  106.00000    0.08600
 130.00000  108.00000    0.07903
 130.00000  110.00000    0.07399
 130.00000  112.00000    0.06663
 130.00000  114.00000    0.05811
 130.00000  116.00000    0.05307
 130.00000  118.00000    0.04494
 130.00000  120.00000    0.04068
 130.00000  122.00000    0.03680
 130.00000  124.00000    0.03060
 130.00000  126.00000    0.02983
 130.00000  128.00000    0.01782
 130.00000  132.00000    0.01910
 130.00000  134.00000    0.02557
 130.00000  136.00000    0.03254
 130.00000  138.00000    0.03332
 130.00000  140.00000    0.03758
 130.00000  142.00000    0.04261
 130.00000  144.00000    0.04532
 130.00000  146.00000    0.05113
 130.00000  148.00000    0.05617
 130.00000  150.00000    0.06276
 130.00000  152.00000    0.06314
 130.00000  154.00000    0.07128
 130.00000  156.00000    0.07593
 130.00000  158.00000    0.08019
 130.00000  160.00000    0.08174
 130.00000  162.00000    0.08367
 130.00000  166.00000    0.09220
 130.00000  170.00000    0.10653
 130.00000  172.00000    0.11079
 130.00000  174.00000    0.11273
 130.00000  176.00000    0.11505
 130.00000  178.00000    0.11776
 130.00000  180.00000    0.12241
 130.00000  182.00000    0.12241
 130.00000  184.00000    0.12551
 130.00000  186.00000    0.12745
 130.00000  188.00000    0.13132
 130.00000  190.00000    0.13132
 135.00000   86.00000    0.12516
 135.00000   88.00000    0.12307
 135.00000   90.00000    0.11932
 135.00000   92.00000    0.11515
 135.00000   94.00000    0.11265
 135.00000   96.00000    0.10889
 135.00000   98.00000    0.10681
 135.00000  100.00000    0.10931
 135.00000  102.00000    0.10264
 135.00000  104.00000    0.10055
 135.00000  106.00000    0.09680
 135.00000  108.00000    0.08888
 135.00000  110.00000    0.08447
 135.00000  112.00000    0.07887
 135.00000  114.00000    0.07178
 135.00000  116.00000    0.06636
 135.00000  118.00000    0.06136
 135.00000  120.00000    0.05677
 135.00000  122.00000    0.05135
 135.00000  124.00000    0.04426
 135.00000  126.00000    0.04134
 135.00000  128.00000    0.03300
 135.00000  130.00000    0.02861
 135.00000  132.00000    0.02193
 135.00000  134.00000    0.01234
 135.00000  136.00000    0.01485
 135.00000  138.00000    0.02152
 135.00000  140.00000    0.02735
 135.00000  142.00000    0.03194
 135.00000  144.00000    0.03486
 135.00000  146.00000    0.04028
 135.00000  148.00000    0.04612
 135.00000  150.00000    0.05071
 135.00000  152.00000    0.05321
 135.00000  154.00000    0.05946
 135.00000  156.00000    0.06697
 135.00000  158.00000    0.07197
 135.00000  160.00000    0.07489
 135.00000  162.00000    0.07739
 135.00000  164.00000    0.08573
 135.00000  166.00000    0.08865
 135.00000  168.00000    0.09157
 135.00000  170.00000    0.09407
 135.00000  172.00000    0.09949
 135.00000  174.00000    0.10408
 135.00000  176.00000    0.10575
 135.00000  178.00000    0.10908
 135.00000  180.00000    0.10992
 135.00000  182.00000    0.11283
 135.00000  184.00000    0.11659
 135.00000  186.00000    0.11951
 135.00000  188.00000    0.12034
 135.00000  190.00000    0.12368
 140.00000   96.00000    0.11241
 140.00000   98.00000    0.11115
 140.00000  100.00000    0.10905
 140.00000  102.00000    0.10360
 140.00000  104.00000    0.09814
 140.00000  106.00000    0.09436
 140.00000  108.00000    0.09017
 140.00000  110.00000    0.08555
 140.00000  112.00000    0.08261
 140.00000  114.00000    0.07506
 140.00000  116.00000    0.07128
 140.00000  118.00000    0.06499
 140.00000  120.00000    0.06331
 140.00000  122.00000    0.05114
 140.00000  124.00000    0.05030
 140.00000  126.00000    0.04820
 140.00000  128.00000    0.04148
 140.00000  130.00000    0.03687
 140.00000  132.00000    0.03015
 140.00000  134.00000    0.02554
 140.00000  136.00000    0.02092
 140.00000  138.00000    0.01798
 140.00000  142.00000    0.01480
 140.00000  144.00000    0.02367
 140.00000  146.00000    0.02771
 140.00000  148.00000    0.03443
 140.00000  150.00000    0.04062
 140.00000  152.00000    0.04089
 140.00000  154.00000    0.05084
 140.00000  156.00000    0.05757
 140.00000  158.00000    0.06053
 140.00000  160.00000    0.06107
 140.00000  162.00000    0.06483
 140.00000  164.00000    0.07748
 140.00000  172.00000    0.09281
 140.00000  174.00000    0.09657
 140.00000  176.00000    0.09908
 140.00000  178.00000    0.09908
 140.00000  180.00000    0.10118
 140.00000  182.00000    0.10580
 140.00000  184.00000    0.10832
 140.00000  186.00000    0.11125
 140.00000  188.00000    0.11503
 140.00000  190.00000    0.11839
 150.00000   90.00000    0.11923
 150.00000   92.00000    0.12210
 150.00000   94.00000    0.11596
 150.00000   96.00000    0.11555
 150.00000   98.00000    0.11515
 150.00000  100.00000    0.11392
 150.00000  102.00000    0.11431
 150.00000  104.00000    0.10859
 150.00000  106.00000    0.10532
 150.00000  108.00000    0.10123
 150.00000  110.00000    0.09714
 150.00000  112.00000    0.09305
 150.00000  114.00000    0.08732
 150.00000  116.00000    0.08078
 150.00000  118.00000    0.07751
 150.00000  120.00000    0.07219
 150.00000  122.00000    0.06770
 150.00000  124.00000    0.06524
 150.00000  126.00000    0.06483
 150.00000  128.00000    0.06524
 150.00000  130.00000    0.06197
 150.00000  132.00000    0.05502
 150.00000  134.00000    0.05298
 150.00000  136.00000    0.04807
 150.00000  138.00000    0.04439
 150.00000  140.00000    0.04071
 150.00000  142.00000    0.03662
 150.00000  144.00000    0.03294
 150.00000  146.00000    0.02967
 150.00000  148.00000    0.02476
 150.00000  152.00000    0.01617
 150.00000  154.00000    0.03212
 150.00000  156.00000    0.03744
 150.00000  158.00000    0.04234
 150.00000  160.00000    0.04521
 150.00000  162.00000    0.04889
 150.00000  164.00000    0.05625
 150.00000  166.00000    0.06074
 150.00000  168.00000    0.06115
 150.00000  172.00000    0.07833
 150.00000  174.00000    0.08201
 150.00000  176.00000    0.08446
 150.00000  178.00000    0.08610
 150.00000  180.00000    0.08978
 150.00000  182.00000    0.09223
 150.00000  184.00000    0.09550
 150.00000  186.00000    0.09836
 150.00000  188.00000    0.10123
 150.00000  190.00000    0.10491
 160.00000  106.00000    0.11627
 160.00000  108.00000    0.11223
 160.00000  110.00000    0.11142
 160.00000  112.00000    0.10658
 160.00000  114.00000    0.10013
 160.00000  116.00000    0.09367
 160.00000  118.00000    0.09125
 160.00000  120.00000    0.08842
 160.00000  130.00000    0.08197
 160.00000  134.00000    0.06825
 160.00000  136.00000    0.06784
 160.00000  138.00000    0.06341
 160.00000  140.00000    0.05937
 160.00000  142.00000    0.05574
 160.00000  144.00000    0.05695
 160.00000  146.00000    0.05412
 160.00000  148.00000    0.04969
 160.00000  150.00000    0.04807
 160.00000  152.00000    0.03637
 160.00000  154.00000    0.03597
 160.00000  156.00000    0.03112
 160.00000  158.00000    0.02225
 160.00000  162.00000    0.02045
 160.00000  164.00000    0.03040
 160.00000  166.00000    0.03417
 160.00000  168.00000    0.03766
 160.00000  170.00000    0.04842
 160.00000  172.00000    0.05353
 160.00000  174.00000    0.05730
 160.00000  176.00000    0.06214
 160.00000  178.00000    0.06510
 160.00000  180.00000    0.07075
 160.00000  182.00000    0.07479
 160.00000  184.00000    0.07909
 160.00000  186.00000    0.08116
 160.00000  188.00000    0.08762
 160.00000  190.00000    0.08923
 165.00000  112.00000    0.11730
 165.00000  114.00000    0.11132
 165.00000  116.00000    0.10626
 165.00000  118.00000    0.10442
 165.00000  120.00000    0.09936
 165.00000  122.00000    0.09476
 165.00000  124.00000    0.09338
 165.00000  126.00000    0.09384
 165.00000  130.00000    0.08740
 165.00000  132.00000    0.08372
 165.00000  134.00000    0.08050
 165.00000  136.00000    0.08096
 165.00000  138.00000    0.07682
 165.00000  140.00000    0.07498
 165.00000  142.00000    0.07222
 165.00000  144.00000    0.07268
 165.00000  146.00000    0.06946
 165.00000  148.00000    0.06716
 165.00000  150.00000    0.06302
 165.00000  152.00000    0.05198
 165.00000  154.00000    0.05428
 165.00000  156.00000    0.04968
 165.00000  158.00000    0.04232
 165.00000  160.00000    0.03450
 165.00000  162.00000    0.02622
 165.00000  164.00000    0.01978
 165.00000  168.00000    0.02990
 165.00000  170.00000    0.02944
 165.00000  172.00000    0.03542
 165.00000  174.00000    0.03818
 165.00000  176.00000    0.04508
 165.00000  178.00000    0.04784
 165.00000  180.00000    0.05336
 165.00000  182.00000    0.05842
 165.00000  184.00000    0.06302
 165.00000  186.00000    0.06670
 165.00000  188.00000    0.07038
 165.00000  190.00000    0.07498
 170.00000  118.00000    0.12607
 170.00000  120.00000    0.12607
 170.00000  122.00000    0.12024
 170.00000  124.00000    0.11815
 170.00000  126.00000    0.11857
 170.00000  128.00000    0.10940
 170.00000  130.00000    0.10648
 170.00000  132.00000    0.10064
 170.00000  134.00000    0.09689
 170.00000  136.00000    0.09230
 170.00000  138.00000    0.08479
 170.00000  140.00000    0.08187
 170.00000  144.00000    0.07854
 170.00000  146.00000    0.07729
 170.00000  148.00000    0.07604
 170.00000  150.00000    0.07645
 170.00000  152.00000    0.06353
 170.00000  154.00000    0.06561
 170.00000  156.00000    0.06618
 170.00000  158.00000    0.05730
 170.00000  160.00000    0.04762
 170.00000  162.00000    0.04116
 170.00000  164.00000    0.03847
 170.00000  166.00000    0.02905
 170.00000  168.00000    0.01856
 170.00000  174.00000    0.02179
 170.00000  176.00000    0.02663
 170.00000  178.00000    0.03174
 170.00000  180.00000    0.03874
 170.00000  182.00000    0.04224
 170.00000  184.00000    0.04869
 170.00000  186.00000    0.05111
 170.00000  188.00000    0.05757
 170.00000  190.00000    0.06053
 180.00000   80.00000    0.14465
 180.00000   82.00000    0.14005
 180.00000   84.00000    0.13801
 180.00000   86.00000    0.13954
 180.00000   88.00000    0.13954
 180.00000   90.00000    0.13647
 180.00000   92.00000    0.13698
 180.00000   94.00000    0.13443
 180.00000   96.00000    0.13187
 180.00000   98.00000    0.13443
 180.00000  100.00000    0.13034
 180.00000  102.00000    0.13034
 180.00000  104.00000    0.13596
 180.00000  106.00000    0.13392
 180.00000  108.00000    0.13085
 180.00000  110.00000    0.13136
 180.00000  112.00000    0.13034
 180.00000  114.00000    0.12932
 180.00000  116.00000    0.12983
 180.00000  118.00000    0.12778
 180.00000  120.00000    0.12216
 180.00000  122.00000    0.12267
 180.00000  124.00000    0.12318
 180.00000  126.00000    0.12523
 180.00000  128.00000    0.12267
 180.00000  130.00000    0.12267
 180.00000  132.00000    0.11603
 180.00000  134.00000    0.11603
 180.00000  136.00000    0.11245
 180.00000  138.00000    0.10580
 180.00000  140.00000    0.10172
 180.00000  142.00000    0.10274
 180.00000  144.00000    0.10172
 180.00000  146.00000    0.09967
 180.00000  148.00000    0.09763
 180.00000  150.00000    0.09251
 180.00000  152.00000    0.08791
 180.00000  154.00000    0.08791
 180.00000  156.00000    0.08791
 180.00000  158.00000    0.08076
 180.00000  160.00000    0.07258
 180.00000  162.00000    0.06798
 180.00000  164.00000    0.06542
 180.00000  166.00000    0.05622
 180.00000  170.00000    0.04958
 180.00000  172.00000    0.04294
 180.00000  174.00000    0.03527
 180.00000  176.00000    0.02913
 180.00000  178.00000    0.01891
 180.00000  184.00000    0.02249
 180.00000  186.00000    0.02862
 180.00000  188.00000    0.03527
 180.00000  190.00000    0.04191
 190.00000   90.00000    0.13736
 190.00000   94.00000    0.13408
 190.00000   96.00000    0.13286
 190.00000   98.00000    0.13163
 190.00000  100.00000    0.13613
 190.00000  102.00000    0.13490
 190.00000  106.00000    0.12918
 190.00000  108.00000    0.13245
 190.00000  110.00000    0.12632
 190.00000  116.00000    0.12550
 190.00000  118.00000    0.12591
 190.00000  120.00000    0.12713
 190.00000  122.00000    0.12468
 190.00000  132.00000    0.12795
 190.00000  134.00000    0.12550
 190.00000  136.00000    0.12304
 190.00000  138.00000    0.12100
 190.00000  140.00000    0.11691
 190.00000  142.00000    0.11487
 190.00000  144.00000    0.11323
 190.00000  146.00000    0.11241
 190.00000  148.00000    0.10914
 190.00000  150.00000    0.10383
 190.00000  152.00000    0.09851
 190.00000  154.00000    0.10219
 190.00000  156.00000    0.10096
 190.00000  158.00000    0.09810
 190.00000  160.00000    0.09074
 190.00000  162.00000    0.08502
 190.00000  164.00000    0.08256
 190.00000  166.00000    0.07559
 190.00000  170.00000    0.06887
 190.00000  172.00000    0.06456
 190.00000  174.00000    0.05972
 190.00000  176.00000    0.05407
 190.00000  178.00000    0.04923
 190.00000  180.00000    0.04439
 190.00000  182.00000    0.03847
 190.00000  184.00000    0.02878
 190.00000  186.00000    0.02179
 190.00000  188.00000    0.01560
 195.00000   88.00000    0.14081
 195.00000   90.00000    0.13614
 195.00000   92.00000    0.13911
 195.00000   94.00000    0.13571
 195.00000   96.00000    0.13571
 195.00000   98.00000    0.13019
 195.00000  100.00000    0.13019
 195.00000  102.00000    0.12976
 195.00000  104.00000    0.13316
 195.00000  106.00000    0.12891
 195.00000  108.00000    0.12849
 195.00000  110.00000    0.12891
 195.00000  112.00000    0.13061
 195.00000  114.00000    0.13274
 195.00000  116.00000    0.13529
 195.00000  118.00000    0.13359
 195.00000  120.00000    0.13274
 195.00000  122.00000    0.13401
 195.00000  124.00000    0.13571
 195.00000  126.00000    0.13784
 195.00000  130.00000    0.12424
 195.00000  132.00000    0.12594
 195.00000  134.00000    0.12636
 195.00000  136.00000    0.12424
 195.00000  138.00000    0.12041
 195.00000  140.00000    0.11913
 195.00000  142.00000    0.11616
 195.00000  144.00000    0.11488
 195.00000  146.00000    0.11488
 195.00000  148.00000    0.11318
 195.00000  150.00000    0.10766
 195.00000  152.00000    0.10341
 195.00000  154.00000    0.10426
 195.00000  156.00000    0.10414
 195.00000  158.00000    0.10031
 195.00000  160.00000    0.09394
 195.00000  162.00000    0.08968
 195.00000  164.00000    0.08628
 195.00000  166.00000    0.08161
 195.00000  170.00000    0.07863
 195.00000  172.00000    0.07141
 195.00000  174.00000    0.06248
 195.00000  176.00000    0.06078
 195.00000  178.00000    0.05738
 195.00000  180.00000    0.05313
 195.00000  182.00000    0.04676
 195.00000  184.00000    0.03953
 195.00000  186.00000    0.03443
 195.00000  188.00000    0.03060
 195.00000  190.00000    0.02465
