    0.0000     1.0000     0.0025
    0.0000     2.0000     0.0044
    0.0000     4.0000     0.0074
    0.0000     6.0000     0.0144
    0.0000     8.0000     0.0242
    0.0000    10.0000     0.0311
    0.0000    12.0000     0.0332
    0.0000    14.0000     0.0367
    0.0000    16.0000     0.0415
    0.0000    18.0000     0.0455
    0.0000    20.0000     0.0503
    0.0000    22.0000     0.0526
    0.0000    24.0000     0.0560
    0.0000    26.0000     0.0613
    0.0000    28.0000     0.0668
    0.0000    30.0000     0.0723
    0.0000    32.0000     0.0761
    0.0000    34.0000     0.0782
    0.0000    36.0000     0.0817
    0.0000    38.0000     0.0823
    0.0000    40.0000     0.0867
    0.0000    42.0000     0.0901
    0.0000    46.0000     0.0887
    0.0000    48.0000     0.0909
    0.0000    50.0000     0.0901
    0.0000    52.0000     0.0914
    0.0000    54.0000     0.0951
    0.0000    58.0000     0.1008
    0.0000    60.0000     0.1091
    0.0000    68.0000     0.1155
    0.0000    72.0000     0.1172
    0.0000    74.0000     0.1197
    0.0000    76.0000     0.1216
    0.0000    78.0000     0.1227
    0.0000    82.0000     0.1223
    0.0000    84.0000     0.1214
    0.0000    86.0000     0.1208
    0.0000    88.0000     0.1199
    0.0000    94.0000     0.1208
    0.0000    96.0000     0.1226
    0.0000    98.0000     0.1215
    0.0000   100.0000     0.1204
    0.0000   102.0000     0.1234
    0.0000   104.0000     0.1231
    0.0000   106.0000     0.1245
    0.0000   108.0000     0.1248
    0.0000   110.0000     0.1246
    0.0000   112.0000     0.1269
    0.0000   114.0000     0.1284
    0.0000   116.0000     0.1278
    0.0000   118.0000     0.1310
    0.0000   120.0000     0.1334
    0.0000   122.0000     0.1342
    0.0000   124.0000     0.1383
    0.0000   126.0000     0.1453
    0.0000   128.0000     0.1436
    0.0000   130.0000     0.1455
    0.0000   132.0000     0.1423
    0.0000   134.0000     0.1424
    0.0000   136.0000     0.1427
    0.0000   138.0000     0.1401
    0.0000   144.0000     0.1404
    0.0000   146.0000     0.1419
    0.0000   148.0000     0.1438
   10.0000     0.0000     0.0311
   10.0000     2.0000     0.0267
   10.0000     4.0000     0.0241
   10.0000     6.0000     0.0223
   10.0000     8.0000     0.0178
   10.0000    12.0000     0.0144
   10.0000    14.0000     0.0202
   10.0000    16.0000     0.0256
   10.0000    18.0000     0.0303
   10.0000    20.0000     0.0360
   10.0000    22.0000     0.0382
   10.0000    24.0000     0.0416
   10.0000    28.0000     0.0524
   10.0000    30.0000     0.0579
   10.0000    32.0000     0.0617
   10.0000    34.0000     0.0650
   10.0000    36.0000     0.0685
   10.0000    38.0000     0.0691
   10.0000    40.0000     0.0734
   10.0000    42.0000     0.0768
   10.0000    44.0000     0.0722
   10.0000    46.0000     0.0754
   10.0000    48.0000     0.0777
   10.0000    50.0000     0.0769
   10.0000    52.0000     0.0781
   10.0000    54.0000     0.0819
   10.0000    58.0000     0.0875
   10.0000    60.0000     0.0958
   10.0000    90.0000     0.1087
   10.0000    92.0000     0.1122
   10.0000    94.0000     0.1117
   10.0000    96.0000     0.1134
   10.0000    98.0000     0.1123
   10.0000   100.0000     0.1113
   10.0000   102.0000     0.1142
   10.0000   104.0000     0.1140
   10.0000   106.0000     0.1154
   10.0000   108.0000     0.1157
   10.0000   110.0000     0.1154
   10.0000   112.0000     0.1178
   10.0000   114.0000     0.1192
   10.0000   116.0000     0.1187
   10.0000   118.0000     0.1218
   10.0000   120.0000     0.1243
   10.0000   122.0000     0.1250
   10.0000   124.0000     0.1292
   10.0000   126.0000     0.1361
   10.0000   128.0000     0.1345
   10.0000   130.0000     0.1363
   10.0000   132.0000     0.1331
   10.0000   134.0000     0.1333
   10.0000   136.0000     0.1336
   10.0000   138.0000     0.1309
   10.0000   140.0000     0.1308
   10.0000   142.0000     0.1308
   10.0000   144.0000     0.1312
   10.0000   146.0000     0.1328
   10.0000   148.0000     0.1347
   10.0000   150.0000     0.1342
   10.0000   152.0000     0.1340
   10.0000   154.0000     0.1383
   10.0000   156.0000     0.1427
   10.0000   158.0000     0.1429
   10.0000   160.0000     0.1397
   10.0000   162.0000     0.1418
   15.0000     0.0000     0.0413
   15.0000     2.0000     0.0370
   15.0000     4.0000     0.0343
   15.0000     6.0000     0.0328
   15.0000     8.0000     0.0315
   15.0000    10.0000     0.0252
   15.0000    12.0000     0.0188
   15.0000    14.0000     0.0102
   15.0000    16.0000     0.0098
   15.0000    18.0000     0.0184
   15.0000    20.0000     0.0253
   15.0000    22.0000     0.0294
   15.0000    24.0000     0.0330
   15.0000    26.0000     0.0384
   15.0000    28.0000     0.0439
   15.0000    30.0000     0.0494
   15.0000    32.0000     0.0531
   15.0000    34.0000     0.0584
   15.0000    36.0000     0.0638
   15.0000    38.0000     0.0648
   15.0000    40.0000     0.0692
   15.0000    44.0000     0.0681
   15.0000    46.0000     0.0714
   15.0000    48.0000     0.0736
   15.0000    50.0000     0.0728
   15.0000    52.0000     0.0741
   15.0000    54.0000     0.0778
   15.0000    56.0000     0.0794
   15.0000    58.0000     0.0835
   15.0000    60.0000     0.0918
   15.0000    68.0000     0.0992
   15.0000    70.0000     0.0979
   15.0000    72.0000     0.1009
   15.0000    74.0000     0.1037
   15.0000    76.0000     0.1055
   15.0000    78.0000     0.1082
   15.0000    80.0000     0.1102
   15.0000    82.0000     0.1097
   15.0000    84.0000     0.1090
   15.0000    86.0000     0.1084
   15.0000    88.0000     0.1075
   15.0000    90.0000     0.1054
   15.0000    92.0000     0.1090
   15.0000    94.0000     0.1084
   15.0000    96.0000     0.1102
   15.0000    98.0000     0.1091
   15.0000   100.0000     0.1080
   15.0000   102.0000     0.1110
   15.0000   104.0000     0.1107
   15.0000   106.0000     0.1121
   15.0000   108.0000     0.1124
   15.0000   110.0000     0.1121
   15.0000   112.0000     0.1145
   15.0000   114.0000     0.1160
   15.0000   116.0000     0.1154
   15.0000   118.0000     0.1185
   15.0000   120.0000     0.1210
   15.0000   122.0000     0.1218
   15.0000   124.0000     0.1259
   15.0000   126.0000     0.1329
   15.0000   128.0000     0.1312
   15.0000   130.0000     0.1330
   15.0000   132.0000     0.1299
   15.0000   134.0000     0.1300
   15.0000   136.0000     0.1303
   15.0000   138.0000     0.1277
   15.0000   140.0000     0.1276
   15.0000   142.0000     0.1276
   15.0000   144.0000     0.1280
   15.0000   146.0000     0.1295
   15.0000   148.0000     0.1314
   15.0000   150.0000     0.1309
   15.0000   152.0000     0.1307
   15.0000   154.0000     0.1351
   15.0000   156.0000     0.1394
   15.0000   158.0000     0.1397
   15.0000   160.0000     0.1364
   15.0000   162.0000     0.1386
   20.0000     0.0000     0.0503
   20.0000     2.0000     0.0459
   20.0000     4.0000     0.0433
   20.0000     6.0000     0.0418
   20.0000     8.0000     0.0405
   20.0000    10.0000     0.0360
   20.0000    12.0000     0.0312
   20.0000    14.0000     0.0257
   20.0000    16.0000     0.0204
   20.0000    18.0000     0.0145
   20.0000    22.0000     0.0152
   20.0000    24.0000     0.0213
   20.0000    26.0000     0.0276
   20.0000    28.0000     0.0344
   20.0000    30.0000     0.0400
   20.0000    32.0000     0.0438
   20.0000    34.0000     0.0490
   20.0000    36.0000     0.0552
   20.0000    38.0000     0.0582
   20.0000    40.0000     0.0636
   20.0000    42.0000     0.0681
   20.0000    44.0000     0.0645
   20.0000    46.0000     0.0685
   20.0000    48.0000     0.0711
   20.0000    50.0000     0.0705
   20.0000    52.0000     0.0718
   20.0000    54.0000     0.0755
   20.0000    58.0000     0.0812
   20.0000    60.0000     0.0895
   20.0000    68.0000     0.0976
   20.0000    70.0000     0.0964
   20.0000    72.0000     0.0994
   20.0000    74.0000     0.1021
   20.0000    76.0000     0.1040
   20.0000    80.0000     0.1088
   20.0000    90.0000     0.1045
   20.0000    94.0000     0.1075
   20.0000    96.0000     0.1092
   20.0000    98.0000     0.1081
   20.0000   100.0000     0.1071
   20.0000   102.0000     0.1100
   20.0000   106.0000     0.1112
   20.0000   108.0000     0.1115
   20.0000   110.0000     0.1112
   20.0000   112.0000     0.1136
   20.0000   114.0000     0.1150
   20.0000   116.0000     0.1145
   30.0000     0.0000     0.0723
   30.0000     2.0000     0.0679
   30.0000     4.0000     0.0652
   30.0000     6.0000     0.0637
   30.0000     8.0000     0.0625
   30.0000    10.0000     0.0579
   30.0000    12.0000     0.0540
   30.0000    14.0000     0.0493
   30.0000    16.0000     0.0456
   30.0000    18.0000     0.0424
   30.0000    20.0000     0.0400
   30.0000    22.0000     0.0345
   30.0000    24.0000     0.0306
   30.0000    26.0000     0.0247
   30.0000    28.0000     0.0167
   30.0000    32.0000     0.0183
   30.0000    34.0000     0.0271
   30.0000    36.0000     0.0338
   30.0000    38.0000     0.0373
   30.0000    40.0000     0.0441
   30.0000    42.0000     0.0492
   30.0000    44.0000     0.0481
   30.0000    46.0000     0.0538
   30.0000    48.0000     0.0567
   30.0000    50.0000     0.0565
   30.0000    52.0000     0.0591
   30.0000    54.0000     0.0629
   30.0000    56.0000     0.0645
   30.0000    58.0000     0.0685
   30.0000    60.0000     0.0768
   30.0000    62.0000     0.0815
   30.0000    64.0000     0.0883
   30.0000    66.0000     0.0913
   30.0000    90.0000     0.1083
   30.0000    96.0000     0.1130
   30.0000    98.0000     0.1119
   30.0000   100.0000     0.1108
   30.0000   102.0000     0.1138
   30.0000   104.0000     0.1135
   30.0000   106.0000     0.1149
   30.0000   108.0000     0.1152
   30.0000   110.0000     0.1150
   30.0000   112.0000     0.1174
   30.0000   114.0000     0.1188
   30.0000   116.0000     0.1183
   30.0000   118.0000     0.1214
   30.0000   120.0000     0.1238
   30.0000   122.0000     0.1246
   30.0000   124.0000     0.1288
   30.0000   126.0000     0.1357
   30.0000   128.0000     0.1341
   30.0000   130.0000     0.1359
   30.0000   132.0000     0.1327
   30.0000   134.0000     0.1328
   30.0000   136.0000     0.1332
   30.0000   138.0000     0.1305
   30.0000   142.0000     0.1304
   30.0000   144.0000     0.1308
   30.0000   146.0000     0.1323
   30.0000   148.0000     0.1342
   30.0000   150.0000     0.1337
   30.0000   152.0000     0.1336
   30.0000   154.0000     0.1379
   30.0000   158.0000     0.1425
   30.0000   160.0000     0.1393
   30.0000   162.0000     0.1414
   30.0000   166.0000     0.1455
   30.0000   170.0000     0.1507
   30.0000   172.0000     0.1480
   30.0000   174.0000     0.1464
   30.0000   176.0000     0.1469
   30.0000   178.0000     0.1462
   30.0000   180.0000     0.1522
   30.0000   182.0000     0.1487
   30.0000   184.0000     0.1501
   30.0000   186.0000     0.1511
   30.0000   188.0000     0.1526
   30.0000   190.0000     0.1531
   40.0000     0.0000     0.0867
   40.0000     2.0000     0.0823
   40.0000     4.0000     0.0797
   40.0000     6.0000     0.0784
   40.0000     8.0000     0.0771
   40.0000    10.0000     0.0734
   40.0000    12.0000     0.0705
   40.0000    14.0000     0.0684
   40.0000    16.0000     0.0662
   40.0000    18.0000     0.0651
   40.0000    20.0000     0.0636
   40.0000    22.0000     0.0591
   40.0000    24.0000     0.0564
   40.0000    26.0000     0.0524
   40.0000    28.0000     0.0480
   40.0000    30.0000     0.0441
   40.0000    32.0000     0.0383
   40.0000    34.0000     0.0326
   40.0000    36.0000     0.0275
   40.0000    38.0000     0.0199
   40.0000    42.0000     0.0217
   40.0000    44.0000     0.0213
   40.0000    46.0000     0.0319
   40.0000    48.0000     0.0431
   40.0000    50.0000     0.0434
   40.0000    52.0000     0.0461
   40.0000    54.0000     0.0506
   40.0000    58.0000     0.0572
   40.0000    60.0000     0.0655
   40.0000    64.0000     0.0770
   40.0000    66.0000     0.0805
   40.0000    68.0000     0.0897
   45.0000     0.0000     0.0896
   45.0000     2.0000     0.0852
   45.0000     4.0000     0.0826
   45.0000     6.0000     0.0813
   45.0000     8.0000     0.0800
   45.0000    10.0000     0.0763
   45.0000    12.0000     0.0734
   45.0000    14.0000     0.0713
   45.0000    16.0000     0.0695
   45.0000    18.0000     0.0694
   45.0000    20.0000     0.0690
   45.0000    22.0000     0.0651
   45.0000    24.0000     0.0635
   45.0000    26.0000     0.0606
   45.0000    28.0000     0.0571
   45.0000    30.0000     0.0540
   45.0000    32.0000     0.0491
   45.0000    34.0000     0.0435
   45.0000    36.0000     0.0387
   45.0000    38.0000     0.0317
   45.0000    40.0000     0.0282
   45.0000    42.0000     0.0224
   45.0000    44.0000     0.0083
   45.0000    46.0000     0.0085
   45.0000    48.0000     0.0199
   45.0000    50.0000     0.0321
   45.0000    52.0000     0.0357
   45.0000    54.0000     0.0402
   45.0000    56.0000     0.0427
   45.0000    58.0000     0.0472
   45.0000    60.0000     0.0555
   45.0000    62.0000     0.0601
   45.0000    64.0000     0.0670
   45.0000    66.0000     0.0705
   45.0000    68.0000     0.0797
   45.0000    70.0000     0.0834
   45.0000    72.0000     0.0867
   45.0000    74.0000     0.0896
   45.0000    76.0000     0.0926
   45.0000    78.0000     0.0956
   45.0000   100.0000     0.1099
   45.0000   104.0000     0.1126
   45.0000   106.0000     0.1140
   45.0000   108.0000     0.1143
   45.0000   110.0000     0.1141
   45.0000   112.0000     0.1165
   45.0000   114.0000     0.1179
   45.0000   116.0000     0.1174
   45.0000   118.0000     0.1205
   50.0000     0.0000     0.0901
   50.0000     2.0000     0.0858
   50.0000     4.0000     0.0832
   50.0000     6.0000     0.0819
   50.0000     8.0000     0.0806
   50.0000    10.0000     0.0769
   50.0000    12.0000     0.0739
   50.0000    14.0000     0.0719
   50.0000    16.0000     0.0701
   50.0000    18.0000     0.0700
   50.0000    20.0000     0.0705
   50.0000    22.0000     0.0668
   50.0000    24.0000     0.0654
   50.0000    26.0000     0.0627
   50.0000    28.0000     0.0596
   50.0000    30.0000     0.0565
   50.0000    32.0000     0.0526
   50.0000    34.0000     0.0490
   50.0000    36.0000     0.0474
   50.0000    38.0000     0.0432
   50.0000    40.0000     0.0434
   50.0000    42.0000     0.0416
   50.0000    44.0000     0.0343
   50.0000    46.0000     0.0273
   50.0000    48.0000     0.0176
   50.0000    52.0000     0.0171
   50.0000    54.0000     0.0255
   50.0000    56.0000     0.0287
   50.0000    58.0000     0.0336
   50.0000    60.0000     0.0422
   50.0000    62.0000     0.0468
   50.0000    64.0000     0.0536
   50.0000    66.0000     0.0572
   50.0000    68.0000     0.0664
   50.0000    70.0000     0.0701
   50.0000    72.0000     0.0734
   50.0000    74.0000     0.0763
   50.0000    76.0000     0.0794
   50.0000    78.0000     0.0826
   50.0000    80.0000     0.0851
   50.0000    82.0000     0.0882
   50.0000    84.0000     0.0891
   50.0000    86.0000     0.0914
   50.0000    88.0000     0.0922
   50.0000    90.0000     0.0926
   50.0000    92.0000     0.0980
   50.0000    94.0000     0.1013
   50.0000    96.0000     0.1044
   50.0000    98.0000     0.1052
   50.0000   100.0000     0.1049
   50.0000   102.0000     0.1078
   50.0000   104.0000     0.1076
   50.0000   106.0000     0.1090
   50.0000   108.0000     0.1093
   50.0000   110.0000     0.1090
   50.0000   112.0000     0.1114
   50.0000   114.0000     0.1129
   50.0000   116.0000     0.1123
   50.0000   118.0000     0.1154
   50.0000   120.0000     0.1179
   50.0000   122.0000     0.1187
   50.0000   124.0000     0.1228
   50.0000   126.0000     0.1298
   50.0000   128.0000     0.1281
   50.0000   130.0000     0.1299
   50.0000   132.0000     0.1268
   50.0000   134.0000     0.1269
   50.0000   136.0000     0.1272
   50.0000   138.0000     0.1246
   50.0000   142.0000     0.1245
   50.0000   144.0000     0.1249
   50.0000   146.0000     0.1264
   50.0000   148.0000     0.1283
   60.0000     0.0000     0.1091
   60.0000     2.0000     0.1047
   60.0000     4.0000     0.1021
   60.0000     6.0000     0.1008
   60.0000     8.0000     0.0995
   60.0000    10.0000     0.0958
   60.0000    12.0000     0.0929
   60.0000    14.0000     0.0908
   60.0000    16.0000     0.0890
   60.0000    18.0000     0.0889
   60.0000    20.0000     0.0895
   60.0000    22.0000     0.0859
   60.0000    24.0000     0.0845
   60.0000    26.0000     0.0818
   60.0000    28.0000     0.0790
   60.0000    30.0000     0.0768
   60.0000    32.0000     0.0738
   60.0000    34.0000     0.0705
   60.0000    36.0000     0.0689
   60.0000    38.0000     0.0650
   60.0000    40.0000     0.0655
   60.0000    42.0000     0.0641
   60.0000    44.0000     0.0569
   60.0000    46.0000     0.0528
   60.0000    48.0000     0.0474
   60.0000    50.0000     0.0422
   60.0000    52.0000     0.0367
   60.0000    54.0000     0.0323
   60.0000    56.0000     0.0254
   60.0000    58.0000     0.0159
   60.0000    62.0000     0.0197
   60.0000    64.0000     0.0284
   60.0000    66.0000     0.0328
   60.0000    68.0000     0.0421
   60.0000    70.0000     0.0459
   60.0000    72.0000     0.0496
   60.0000    74.0000     0.0526
   60.0000    76.0000     0.0557
   60.0000    78.0000     0.0592
   60.0000    80.0000     0.0616
   60.0000    82.0000     0.0659
   60.0000    86.0000     0.0705
   60.0000    88.0000     0.0713
   60.0000    90.0000     0.0717
   60.0000    92.0000     0.0771
   60.0000    94.0000     0.0804
   60.0000    96.0000     0.0835
   60.0000    98.0000     0.0842
   60.0000   100.0000     0.0865
   60.0000   102.0000     0.0933
   60.0000   104.0000     0.0974
   60.0000   112.0000     0.1062
   60.0000   114.0000     0.1088
   60.0000   116.0000     0.1104
   60.0000   118.0000     0.1145
   60.0000   120.0000     0.1171
   60.0000   122.0000     0.1179
   60.0000   124.0000     0.1220
   60.0000   126.0000     0.1298
   60.0000   128.0000     0.1284
   60.0000   130.0000     0.1303
   60.0000   132.0000     0.1271
   60.0000   134.0000     0.1272
   60.0000   136.0000     0.1275
   60.0000   138.0000     0.1249
   60.0000   140.0000     0.1248
   60.0000   142.0000     0.1248
   60.0000   144.0000     0.1252
   60.0000   146.0000     0.1267
   60.0000   148.0000     0.1286
   60.0000   150.0000     0.1281
   60.0000   152.0000     0.1279
   60.0000   154.0000     0.1323
   60.0000   156.0000     0.1366
   60.0000   158.0000     0.1369
   60.0000   160.0000     0.1337
   60.0000   162.0000     0.1358
   60.0000   172.0000     0.1424
   60.0000   174.0000     0.1408
   60.0000   176.0000     0.1413
   60.0000   178.0000     0.1406
   60.0000   180.0000     0.1466
   60.0000   182.0000     0.1431
   60.0000   184.0000     0.1445
   60.0000   186.0000     0.1455
   60.0000   188.0000     0.1470
   60.0000   190.0000     0.1475
   70.0000     0.0000     0.1142
   70.0000     2.0000     0.1100
   70.0000     4.0000     0.1077
   70.0000     6.0000     0.1066
   70.0000     8.0000     0.1054
   70.0000    10.0000     0.1017
   70.0000    12.0000     0.0988
   70.0000    14.0000     0.0970
   70.0000    16.0000     0.0952
   70.0000    18.0000     0.0954
   70.0000    20.0000     0.0964
   70.0000    22.0000     0.0956
   70.0000    24.0000     0.0958
   70.0000    26.0000     0.0968
   70.0000    28.0000     0.0949
   70.0000    30.0000     0.0935
   70.0000    32.0000     0.0916
   70.0000    34.0000     0.0895
   70.0000    36.0000     0.0895
   70.0000    38.0000     0.0870
   70.0000    42.0000     0.0889
   70.0000    44.0000     0.0829
   70.0000    46.0000     0.0807
   70.0000    48.0000     0.0753
   70.0000    50.0000     0.0701
   70.0000    52.0000     0.0646
   70.0000    54.0000     0.0604
   70.0000    56.0000     0.0543
   70.0000    58.0000     0.0489
   70.0000    60.0000     0.0459
   70.0000    62.0000     0.0391
   70.0000    64.0000     0.0336
   70.0000    66.0000     0.0261
   70.0000    68.0000     0.0194
   70.0000    72.0000     0.0170
   70.0000    74.0000     0.0214
   70.0000    76.0000     0.0260
   70.0000    78.0000     0.0296
   70.0000    80.0000     0.0321
   70.0000    82.0000     0.0364
   70.0000    84.0000     0.0405
   70.0000    86.0000     0.0463
   70.0000    88.0000     0.0514
   70.0000    90.0000     0.0542
   70.0000    92.0000     0.0621
   70.0000    94.0000     0.0672
   70.0000    96.0000     0.0750
   70.0000    98.0000     0.0795
   70.0000   100.0000     0.0817
   70.0000   102.0000     0.0885
   70.0000   104.0000     0.0926
   70.0000   106.0000     0.0961
   70.0000   108.0000     0.0975
   70.0000   110.0000     0.0985
   70.0000   112.0000     0.1014
   70.0000   120.0000     0.1126
   70.0000   122.0000     0.1134
   70.0000   124.0000     0.1175
   70.0000   126.0000     0.1253
   70.0000   128.0000     0.1268
   70.0000   130.0000     0.1286
   70.0000   132.0000     0.1255
   70.0000   134.0000     0.1256
   70.0000   136.0000     0.1259
   70.0000   138.0000     0.1233
   75.0000     0.0000     0.1217
   75.0000     2.0000     0.1177
   75.0000     4.0000     0.1154
   75.0000     6.0000     0.1143
   75.0000     8.0000     0.1131
   75.0000    10.0000     0.1095
   75.0000    12.0000     0.1065
   75.0000    14.0000     0.1047
   75.0000    16.0000     0.1029
   75.0000    18.0000     0.1032
   75.0000    20.0000     0.1041
   75.0000    22.0000     0.1033
   75.0000    24.0000     0.1035
   75.0000    26.0000     0.1045
   75.0000    28.0000     0.1027
   75.0000    30.0000     0.1013
   75.0000    32.0000     0.0994
   75.0000    34.0000     0.0972
   75.0000    36.0000     0.0973
   75.0000    38.0000     0.0948
   75.0000    42.0000     0.0966
   75.0000    44.0000     0.0912
   75.0000    46.0000     0.0898
   75.0000    48.0000     0.0844
   75.0000    50.0000     0.0792
   75.0000    52.0000     0.0737
   75.0000    54.0000     0.0699
   75.0000    58.0000     0.0585
   75.0000    60.0000     0.0555
   75.0000    64.0000     0.0442
   75.0000    70.0000     0.0253
   75.0000    72.0000     0.0214
   75.0000    78.0000     0.0179
   75.0000    80.0000     0.0229
   75.0000    82.0000     0.0274
   75.0000    84.0000     0.0317
   75.0000    86.0000     0.0375
   75.0000    88.0000     0.0426
   75.0000    90.0000     0.0454
   75.0000    92.0000     0.0533
   75.0000    94.0000     0.0584
   75.0000    96.0000     0.0662
   75.0000    98.0000     0.0717
   75.0000   100.0000     0.0748
   75.0000   102.0000     0.0816
   75.0000   104.0000     0.0857
   75.0000   106.0000     0.0892
   75.0000   108.0000     0.0906
   75.0000   110.0000     0.0917
   75.0000   112.0000     0.0946
   75.0000   114.0000     0.0971
   75.0000   116.0000     0.0988
   75.0000   118.0000     0.1029
   75.0000   120.0000     0.1095
   75.0000   122.0000     0.1103
   75.0000   124.0000     0.1144
   75.0000   126.0000     0.1222
   75.0000   128.0000     0.1239
   75.0000   130.0000     0.1268
   80.0000     0.0000     0.1236
   80.0000     2.0000     0.1209
   80.0000     6.0000     0.1178
   80.0000     8.0000     0.1175
   80.0000    10.0000     0.1140
   80.0000    12.0000     0.1111
   80.0000    14.0000     0.1093
   80.0000    16.0000     0.1075
   80.0000    18.0000     0.1078
   80.0000    20.0000     0.1088
   80.0000    22.0000     0.1082
   80.0000    24.0000     0.1085
   80.0000    26.0000     0.1095
   80.0000    28.0000     0.1078
   80.0000    30.0000     0.1064
   80.0000    32.0000     0.1046
   80.0000    34.0000     0.1025
   80.0000    36.0000     0.1025
   80.0000    38.0000     0.1000
   80.0000    42.0000     0.1019
   80.0000    44.0000     0.0964
   80.0000    46.0000     0.0955
   80.0000    48.0000     0.0903
   80.0000    50.0000     0.0851
   80.0000    52.0000     0.0796
   80.0000    54.0000     0.0758
   80.0000    56.0000     0.0699
   80.0000    58.0000     0.0646
   80.0000    60.0000     0.0616
   80.0000    62.0000     0.0563
   80.0000    64.0000     0.0509
   80.0000    66.0000     0.0434
   80.0000    68.0000     0.0393
   80.0000    70.0000     0.0321
   80.0000    72.0000     0.0293
   80.0000    74.0000     0.0252
   80.0000    76.0000     0.0199
   80.0000    78.0000     0.0109
   80.0000    82.0000     0.0146
   80.0000    84.0000     0.0219
   80.0000    86.0000     0.0280
   80.0000    88.0000     0.0350
   80.0000    90.0000     0.0382
   80.0000    92.0000     0.0461
   80.0000    94.0000     0.0512
   80.0000    96.0000     0.0589
   80.0000    98.0000     0.0644
   80.0000   100.0000     0.0677
   80.0000   102.0000     0.0757
   80.0000   104.0000     0.0803
   80.0000   106.0000     0.0844
   80.0000   108.0000     0.0869
   80.0000   110.0000     0.0881
   80.0000   112.0000     0.0910
   80.0000   114.0000     0.0937
   80.0000   116.0000     0.0955
   80.0000   118.0000     0.0996
   80.0000   120.0000     0.1073
   80.0000   122.0000     0.1091
   80.0000   124.0000     0.1136
   90.0000     0.0000     0.1179
   90.0000     2.0000     0.1151
   90.0000     4.0000     0.1131
   90.0000     8.0000     0.1118
   90.0000    10.0000     0.1087
   90.0000    12.0000     0.1058
   90.0000    14.0000     0.1044
   90.0000    16.0000     0.1027
   90.0000    18.0000     0.1032
   90.0000    20.0000     0.1045
   90.0000    22.0000     0.1044
   90.0000    24.0000     0.1063
   90.0000    26.0000     0.1089
   90.0000    28.0000     0.1091
   90.0000    30.0000     0.1083
   90.0000    52.0000     0.0872
   90.0000    54.0000     0.0833
   90.0000    56.0000     0.0774
   90.0000    58.0000     0.0744
   90.0000    60.0000     0.0717
   90.0000    62.0000     0.0691
   90.0000    66.0000     0.0656
   90.0000    68.0000     0.0615
   90.0000    70.0000     0.0542
   90.0000    72.0000     0.0515
   90.0000    74.0000     0.0476
   90.0000    76.0000     0.0436
   90.0000    78.0000     0.0402
   90.0000    80.0000     0.0382
   90.0000    82.0000     0.0322
   90.0000    84.0000     0.0264
   90.0000    86.0000     0.0223
   90.0000    88.0000     0.0157
   90.0000    92.0000     0.0161
   90.0000    94.0000     0.0241
   90.0000    96.0000     0.0333
   90.0000    98.0000     0.0391
   90.0000   100.0000     0.0435
   90.0000   102.0000     0.0515
   90.0000   104.0000     0.0571
   90.0000   106.0000     0.0627
   90.0000   108.0000     0.0674
   90.0000   110.0000     0.0686
   90.0000   112.0000     0.0715
   90.0000   114.0000     0.0742
   90.0000   116.0000     0.0761
   90.0000   118.0000     0.0802
   90.0000   120.0000     0.0879
   90.0000   122.0000     0.0896
   90.0000   124.0000     0.0948
   90.0000   126.0000     0.1037
   90.0000   128.0000     0.1069
   90.0000   130.0000     0.1114
   90.0000   132.0000     0.1106
   90.0000   134.0000     0.1127
   90.0000   136.0000     0.1150
   90.0000   138.0000     0.1132
   90.0000   140.0000     0.1131
   90.0000   142.0000     0.1135
   90.0000   144.0000     0.1139
   90.0000   146.0000     0.1154
   90.0000   148.0000     0.1174
   90.0000   150.0000     0.1169
   90.0000   152.0000     0.1168
   90.0000   178.0000     0.1294
   90.0000   180.0000     0.1354
   90.0000   182.0000     0.1319
   90.0000   184.0000     0.1333
   90.0000   186.0000     0.1343
   90.0000   188.0000     0.1358
   90.0000   190.0000     0.1363
  100.0000     8.0000     0.1143
  100.0000    10.0000     0.1113
  100.0000    12.0000     0.1084
  100.0000    14.0000     0.1069
  100.0000    16.0000     0.1053
  100.0000    18.0000     0.1057
  100.0000    20.0000     0.1071
  100.0000    22.0000     0.1070
  100.0000    24.0000     0.1088
  100.0000    26.0000     0.1115
  100.0000    28.0000     0.1116
  100.0000    30.0000     0.1108
  100.0000    32.0000     0.1107
  100.0000    34.0000     0.1109
  100.0000    48.0000     0.1063
  100.0000    50.0000     0.1049
  100.0000    58.0000     0.0892
  100.0000    60.0000     0.0865
  100.0000    68.0000     0.0844
  100.0000    70.0000     0.0817
  100.0000    72.0000     0.0793
  100.0000    74.0000     0.0764
  100.0000    76.0000     0.0731
  100.0000    78.0000     0.0698
  100.0000    80.0000     0.0677
  100.0000    82.0000     0.0634
  100.0000    84.0000     0.0586
  100.0000    86.0000     0.0546
  100.0000    88.0000     0.0499
  100.0000    90.0000     0.0435
  100.0000    94.0000     0.0340
  100.0000    96.0000     0.0266
  100.0000   102.0000     0.0196
  100.0000   106.0000     0.0349
  100.0000   108.0000     0.0400
  100.0000   110.0000     0.0435
  100.0000   112.0000     0.0478
  100.0000   114.0000     0.0520
  100.0000   116.0000     0.0549
  100.0000   118.0000     0.0593
  100.0000   120.0000     0.0672
  100.0000   122.0000     0.0711
  100.0000   124.0000     0.0764
  100.0000   126.0000     0.0855
  100.0000   128.0000     0.0895
  100.0000   130.0000     0.0952
  100.0000   132.0000     0.0946
  100.0000   134.0000     0.0973
  100.0000   136.0000     0.1006
  100.0000   138.0000     0.1009
  100.0000   142.0000     0.1056
  100.0000   144.0000     0.1071
  100.0000   146.0000     0.1087
  100.0000   148.0000     0.1115
  100.0000   150.0000     0.1110
  100.0000   152.0000     0.1108
  100.0000   154.0000     0.1154
  105.0000     0.0000     0.1235
  105.0000     2.0000     0.1208
  105.0000     4.0000     0.1188
  105.0000     6.0000     0.1176
  105.0000     8.0000     0.1174
  105.0000    10.0000     0.1143
  105.0000    12.0000     0.1114
  105.0000    14.0000     0.1100
  105.0000    16.0000     0.1083
  105.0000    18.0000     0.1088
  105.0000    20.0000     0.1101
  105.0000    22.0000     0.1101
  105.0000    24.0000     0.1119
  105.0000    26.0000     0.1146
  105.0000    28.0000     0.1147
  105.0000    30.0000     0.1139
  105.0000    32.0000     0.1138
  105.0000    34.0000     0.1140
  105.0000    36.0000     0.1147
  105.0000    42.0000     0.1146
  105.0000    46.0000     0.1107
  105.0000    48.0000     0.1094
  105.0000    50.0000     0.1080
  105.0000    52.0000     0.1088
  105.0000    54.0000     0.1108
  105.0000    58.0000     0.1018
  105.0000    60.0000     0.0992
  105.0000    70.0000     0.0944
  105.0000    72.0000     0.0920
  105.0000    74.0000     0.0891
  105.0000    76.0000     0.0867
  105.0000    78.0000     0.0847
  105.0000    80.0000     0.0827
  105.0000    82.0000     0.0789
  105.0000    84.0000     0.0755
  105.0000    86.0000     0.0719
  105.0000    88.0000     0.0672
  105.0000    90.0000     0.0607
  105.0000    92.0000     0.0585
  105.0000    94.0000     0.0513
  105.0000    96.0000     0.0461
  105.0000    98.0000     0.0397
  105.0000   100.0000     0.0329
  105.0000   102.0000     0.0278
  105.0000   104.0000     0.0118
  105.0000   108.0000     0.0262
  105.0000   110.0000     0.0313
  105.0000   112.0000     0.0361
  105.0000   114.0000     0.0403
  105.0000   116.0000     0.0433
  105.0000   118.0000     0.0478
  105.0000   120.0000     0.0556
  105.0000   122.0000     0.0601
  105.0000   124.0000     0.0657
  105.0000   126.0000     0.0747
  105.0000   128.0000     0.0789
  105.0000   130.0000     0.0848
  105.0000   132.0000     0.0844
  105.0000   134.0000     0.0870
  105.0000   136.0000     0.0911
  105.0000   138.0000     0.0914
  105.0000   140.0000     0.0946
  105.0000   142.0000     0.0966
  105.0000   144.0000     0.0988
  105.0000   146.0000     0.1017
  105.0000   148.0000     0.1053
  105.0000   150.0000     0.1051
  105.0000   152.0000     0.1049
  105.0000   154.0000     0.1095
  105.0000   156.0000     0.1139
  105.0000   158.0000     0.1143
  105.0000   160.0000     0.1111
  105.0000   162.0000     0.1132
  105.0000   168.0000     0.1220
  105.0000   170.0000     0.1267
  105.0000   174.0000     0.1224
  105.0000   176.0000     0.1229
  105.0000   178.0000     0.1222
  105.0000   180.0000     0.1282
  105.0000   182.0000     0.1247
  105.0000   184.0000     0.1261
  105.0000   186.0000     0.1271
  105.0000   188.0000     0.1286
  105.0000   190.0000     0.1291
  110.0000     4.0000     0.1198
  110.0000     8.0000     0.1185
  110.0000    10.0000     0.1154
  110.0000    12.0000     0.1125
  110.0000    14.0000     0.1111
  110.0000    16.0000     0.1094
  110.0000    18.0000     0.1099
  110.0000    20.0000     0.1112
  110.0000    22.0000     0.1111
  110.0000    24.0000     0.1130
  110.0000    26.0000     0.1156
  110.0000    28.0000     0.1158
  110.0000    30.0000     0.1150
  110.0000    32.0000     0.1149
  110.0000    34.0000     0.1151
  110.0000    36.0000     0.1157
  110.0000    38.0000     0.1136
  110.0000    42.0000     0.1156
  110.0000    46.0000     0.1118
  110.0000    50.0000     0.1090
  110.0000    52.0000     0.1098
  110.0000    58.0000     0.1060
  110.0000    60.0000     0.1033
  110.0000    68.0000     0.1013
  110.0000    70.0000     0.0985
  110.0000    72.0000     0.0962
  110.0000    74.0000     0.0932
  110.0000    76.0000     0.0909
  110.0000    78.0000     0.0901
  110.0000    80.0000     0.0881
  110.0000    82.0000     0.0843
  110.0000    84.0000     0.0810
  110.0000    86.0000     0.0781
  110.0000    88.0000     0.0750
  110.0000    90.0000     0.0686
  110.0000    92.0000     0.0671
  110.0000    94.0000     0.0613
  110.0000    96.0000     0.0565
  110.0000    98.0000     0.0502
  110.0000   100.0000     0.0435
  110.0000   102.0000     0.0409
  110.0000   104.0000     0.0348
  110.0000   106.0000     0.0298
  110.0000   108.0000     0.0196
  110.0000   112.0000     0.0174
  110.0000   114.0000     0.0250
  110.0000   116.0000     0.0289
  110.0000   118.0000     0.0334
  110.0000   120.0000     0.0414
  110.0000   122.0000     0.0460
  110.0000   124.0000     0.0523
  110.0000   126.0000     0.0617
  110.0000   128.0000     0.0667
  110.0000   130.0000     0.0727
  110.0000   132.0000     0.0761
  110.0000   134.0000     0.0790
  110.0000   136.0000     0.0831
  110.0000   138.0000     0.0834
  110.0000   142.0000     0.0886
  110.0000   144.0000     0.0908
  110.0000   146.0000     0.0937
  110.0000   148.0000     0.0978
  110.0000   150.0000     0.0994
  110.0000   152.0000     0.1000
  110.0000   154.0000     0.1062
  110.0000   156.0000     0.1111
  110.0000   158.0000     0.1115
  110.0000   160.0000     0.1083
  110.0000   162.0000     0.1104
  110.0000   172.0000     0.1233
  110.0000   174.0000     0.1217
  110.0000   176.0000     0.1223
  110.0000   180.0000     0.1276
  110.0000   182.0000     0.1240
  110.0000   184.0000     0.1255
  110.0000   186.0000     0.1264
  110.0000   188.0000     0.1280
  110.0000   190.0000     0.1285
  120.0000    74.0000     0.1111
  120.0000    76.0000     0.1087
  120.0000    78.0000     0.1092
  120.0000    80.0000     0.1073
  120.0000    82.0000     0.1035
  120.0000    84.0000     0.1002
  120.0000    86.0000     0.0973
  120.0000    88.0000     0.0942
  120.0000    90.0000     0.0879
  120.0000    92.0000     0.0863
  120.0000    94.0000     0.0805
  120.0000    96.0000     0.0785
  120.0000    98.0000     0.0739
  120.0000   100.0000     0.0672
  120.0000   102.0000     0.0647
  120.0000   104.0000     0.0589
  120.0000   106.0000     0.0548
  120.0000   108.0000     0.0482
  120.0000   110.0000     0.0414
  120.0000   112.0000     0.0345
  120.0000   114.0000     0.0271
  120.0000   116.0000     0.0201
  120.0000   118.0000     0.0116
  120.0000   122.0000     0.0129
  120.0000   124.0000     0.0210
  120.0000   126.0000     0.0310
  120.0000   128.0000     0.0360
  120.0000   130.0000     0.0420
  120.0000   132.0000     0.0454
  120.0000   134.0000     0.0494
  120.0000   136.0000     0.0550
  120.0000   138.0000     0.0560
  120.0000   140.0000     0.0598
  120.0000   142.0000     0.0618
  120.0000   144.0000     0.0641
  120.0000   146.0000     0.0669
  120.0000   148.0000     0.0711
  120.0000   150.0000     0.0726
  120.0000   152.0000     0.0732
  120.0000   154.0000     0.0794
  120.0000   156.0000     0.0865
  120.0000   158.0000     0.0907
  120.0000   160.0000     0.0908
  120.0000   162.0000     0.0953
  120.0000   172.0000     0.1144
  120.0000   174.0000     0.1133
  120.0000   176.0000     0.1164
  120.0000   178.0000     0.1163
  120.0000   180.0000     0.1223
  130.0000    82.0000     0.1228
  130.0000    84.0000     0.1212
  130.0000    86.0000     0.1194
  130.0000    88.0000     0.1174
  130.0000    90.0000     0.1114
  130.0000    92.0000     0.1098
  130.0000    94.0000     0.1040
  130.0000    96.0000     0.1028
  130.0000    98.0000     0.0991
  130.0000   100.0000     0.0952
  130.0000   102.0000     0.0928
  130.0000   104.0000     0.0879
  130.0000   106.0000     0.0853
  130.0000   108.0000     0.0790
  130.0000   110.0000     0.0727
  130.0000   112.0000     0.0658
  130.0000   114.0000     0.0585
  130.0000   116.0000     0.0527
  130.0000   118.0000     0.0462
  130.0000   120.0000     0.0420
  130.0000   122.0000     0.0372
  130.0000   124.0000     0.0327
  130.0000   126.0000     0.0278
  130.0000   128.0000     0.0171
  130.0000   132.0000     0.0175
  130.0000   134.0000     0.0239
  130.0000   136.0000     0.0319
  130.0000   138.0000     0.0332
  130.0000   140.0000     0.0373
  130.0000   142.0000     0.0421
  130.0000   144.0000     0.0461
  130.0000   146.0000     0.0518
  130.0000   148.0000     0.0585
  130.0000   150.0000     0.0612
  130.0000   152.0000     0.0618
  130.0000   154.0000     0.0680
  130.0000   156.0000     0.0752
  130.0000   158.0000     0.0794
  130.0000   160.0000     0.0794
  130.0000   162.0000     0.0839
  130.0000   166.0000     0.0927
  130.0000   170.0000     0.1053
  130.0000   172.0000     0.1079
  130.0000   174.0000     0.1098
  130.0000   176.0000     0.1144
  130.0000   178.0000     0.1153
  130.0000   180.0000     0.1213
  130.0000   182.0000     0.1194
  130.0000   184.0000     0.1224
  130.0000   186.0000     0.1252
  130.0000   188.0000     0.1288
  130.0000   190.0000     0.1295
  135.0000    86.0000     0.1219
  135.0000    88.0000     0.1204
  135.0000    90.0000     0.1169
  135.0000    92.0000     0.1154
  135.0000    94.0000     0.1100
  135.0000    96.0000     0.1087
  135.0000    98.0000     0.1061
  135.0000   100.0000     0.1025
  135.0000   102.0000     0.1006
  135.0000   104.0000     0.0957
  135.0000   106.0000     0.0932
  135.0000   108.0000     0.0885
  135.0000   110.0000     0.0846
  135.0000   112.0000     0.0790
  135.0000   114.0000     0.0719
  135.0000   116.0000     0.0661
  135.0000   118.0000     0.0597
  135.0000   120.0000     0.0554
  135.0000   122.0000     0.0506
  135.0000   124.0000     0.0467
  135.0000   126.0000     0.0433
  135.0000   128.0000     0.0345
  135.0000   130.0000     0.0302
  135.0000   132.0000     0.0213
  135.0000   134.0000     0.0111
  135.0000   136.0000     0.0123
  135.0000   138.0000     0.0217
  135.0000   140.0000     0.0270
  135.0000   142.0000     0.0319
  135.0000   144.0000     0.0360
  135.0000   146.0000     0.0419
  135.0000   148.0000     0.0486
  135.0000   150.0000     0.0516
  135.0000   152.0000     0.0522
  135.0000   154.0000     0.0588
  135.0000   156.0000     0.0664
  135.0000   158.0000     0.0706
  135.0000   160.0000     0.0710
  135.0000   162.0000     0.0755
  135.0000   164.0000     0.0825
  135.0000   166.0000     0.0843
  135.0000   168.0000     0.0887
  135.0000   170.0000     0.0970
  135.0000   172.0000     0.0995
  135.0000   174.0000     0.1014
  135.0000   176.0000     0.1061
  135.0000   178.0000     0.1073
  135.0000   180.0000     0.1133
  135.0000   182.0000     0.1114
  135.0000   184.0000     0.1144
  135.0000   186.0000     0.1172
  135.0000   188.0000     0.1208
  135.0000   190.0000     0.1239
  140.0000    96.0000     0.1093
  140.0000    98.0000     0.1074
  140.0000   100.0000     0.1039
  140.0000   102.0000     0.1025
  140.0000   104.0000     0.0977
  140.0000   106.0000     0.0951
  140.0000   108.0000     0.0905
  140.0000   110.0000     0.0865
  140.0000   112.0000     0.0809
  140.0000   114.0000     0.0749
  140.0000   116.0000     0.0699
  140.0000   118.0000     0.0640
  140.0000   120.0000     0.0598
  140.0000   122.0000     0.0549
  140.0000   124.0000     0.0512
  140.0000   126.0000     0.0499
  140.0000   128.0000     0.0412
  140.0000   130.0000     0.0373
  140.0000   132.0000     0.0301
  140.0000   134.0000     0.0273
  140.0000   136.0000     0.0223
  140.0000   138.0000     0.0141
  140.0000   142.0000     0.0138
  140.0000   144.0000     0.0213
  140.0000   146.0000     0.0278
  140.0000   148.0000     0.0370
  140.0000   150.0000     0.0410
  140.0000   152.0000     0.0416
  140.0000   154.0000     0.0482
  140.0000   156.0000     0.0562
  140.0000   158.0000     0.0604
  140.0000   160.0000     0.0607
  140.0000   162.0000     0.0653
  140.0000   164.0000     0.0726
  140.0000   172.0000     0.0897
  140.0000   174.0000     0.0916
  140.0000   176.0000     0.0962
  140.0000   178.0000     0.0980
  140.0000   180.0000     0.1040
  140.0000   182.0000     0.1021
  140.0000   184.0000     0.1052
  140.0000   186.0000     0.1086
  140.0000   188.0000     0.1126
  140.0000   190.0000     0.1157
  150.0000    90.0000     0.1169
  150.0000    92.0000     0.1194
  150.0000    94.0000     0.1151
  150.0000    96.0000     0.1139
  150.0000    98.0000     0.1122
  150.0000   100.0000     0.1110
  150.0000   102.0000     0.1106
  150.0000   104.0000     0.1078
  150.0000   106.0000     0.1061
  150.0000   108.0000     0.1033
  150.0000   110.0000     0.0994
  150.0000   112.0000     0.0938
  150.0000   114.0000     0.0878
  150.0000   116.0000     0.0828
  150.0000   118.0000     0.0769
  150.0000   120.0000     0.0726
  150.0000   122.0000     0.0678
  150.0000   124.0000     0.0648
  150.0000   126.0000     0.0660
  150.0000   128.0000     0.0630
  150.0000   130.0000     0.0612
  150.0000   132.0000     0.0543
  150.0000   134.0000     0.0515
  150.0000   136.0000     0.0479
  150.0000   138.0000     0.0430
  150.0000   140.0000     0.0410
  150.0000   142.0000     0.0368
  150.0000   144.0000     0.0338
  150.0000   146.0000     0.0288
  150.0000   148.0000     0.0210
  150.0000   152.0000     0.0153
  150.0000   154.0000     0.0278
  150.0000   156.0000     0.0371
  150.0000   158.0000     0.0434
  150.0000   160.0000     0.0452
  150.0000   162.0000     0.0499
  150.0000   164.0000     0.0579
  150.0000   166.0000     0.0608
  150.0000   168.0000     0.0652
  150.0000   172.0000     0.0760
  150.0000   174.0000     0.0780
  150.0000   176.0000     0.0840
  150.0000   178.0000     0.0864
  150.0000   180.0000     0.0927
  150.0000   182.0000     0.0908
  150.0000   184.0000     0.0940
  150.0000   186.0000     0.0975
  150.0000   188.0000     0.1018
  150.0000   190.0000     0.1055
  160.0000   106.0000     0.1121
  160.0000   108.0000     0.1103
  160.0000   110.0000     0.1083
  160.0000   112.0000     0.1073
  160.0000   114.0000     0.1028
  160.0000   116.0000     0.0996
  160.0000   118.0000     0.0950
  160.0000   120.0000     0.0908
  160.0000   130.0000     0.0794
  160.0000   134.0000     0.0702
  160.0000   136.0000     0.0673
  160.0000   138.0000     0.0626
  160.0000   140.0000     0.0607
  160.0000   142.0000     0.0571
  160.0000   144.0000     0.0553
  160.0000   146.0000     0.0528
  160.0000   148.0000     0.0507
  160.0000   150.0000     0.0452
  160.0000   152.0000     0.0371
  160.0000   154.0000     0.0363
  160.0000   156.0000     0.0316
  160.0000   158.0000     0.0203
  160.0000   162.0000     0.0178
  160.0000   164.0000     0.0302
  160.0000   166.0000     0.0348
  160.0000   168.0000     0.0395
  160.0000   170.0000     0.0479
  160.0000   172.0000     0.0505
  160.0000   174.0000     0.0524
  160.0000   176.0000     0.0585
  160.0000   178.0000     0.0644
  160.0000   180.0000     0.0756
  160.0000   182.0000     0.0744
  160.0000   184.0000     0.0784
  160.0000   186.0000     0.0820
  160.0000   188.0000     0.0865
  160.0000   190.0000     0.0906
  165.0000   112.0000     0.1137
  165.0000   114.0000     0.1093
  165.0000   116.0000     0.1061
  165.0000   118.0000     0.1061
  165.0000   120.0000     0.1037
  165.0000   122.0000     0.0989
  165.0000   124.0000     0.0959
  165.0000   126.0000     0.0970
  165.0000   130.0000     0.0923
  165.0000   132.0000     0.0854
  165.0000   134.0000     0.0831
  165.0000   136.0000     0.0802
  165.0000   138.0000     0.0755
  165.0000   140.0000     0.0741
  165.0000   142.0000     0.0706
  165.0000   144.0000     0.0689
  165.0000   146.0000     0.0665
  165.0000   148.0000     0.0647
  165.0000   150.0000     0.0602
  165.0000   152.0000     0.0523
  165.0000   154.0000     0.0526
  165.0000   156.0000     0.0496
  165.0000   158.0000     0.0421
  165.0000   160.0000     0.0331
  165.0000   162.0000     0.0243
  165.0000   164.0000     0.0157
  165.0000   168.0000     0.0227
  165.0000   170.0000     0.0311
  165.0000   172.0000     0.0338
  165.0000   174.0000     0.0357
  165.0000   176.0000     0.0417
  165.0000   178.0000     0.0477
  165.0000   180.0000     0.0589
  165.0000   182.0000     0.0576
  165.0000   184.0000     0.0616
  165.0000   186.0000     0.0665
  165.0000   188.0000     0.0730
  165.0000   190.0000     0.0834
  170.0000   118.0000     0.1175
  170.0000   120.0000     0.1161
  170.0000   122.0000     0.1119
  170.0000   124.0000     0.1089
  170.0000   126.0000     0.1100
  170.0000   128.0000     0.1071
  170.0000   130.0000     0.1053
  170.0000   132.0000     0.0984
  170.0000   134.0000     0.0961
  170.0000   136.0000     0.0932
  170.0000   138.0000     0.0885
  170.0000   140.0000     0.0871
  170.0000   144.0000     0.0820
  170.0000   146.0000     0.0795
  170.0000   148.0000     0.0777
  170.0000   150.0000     0.0735
  170.0000   152.0000     0.0656
  170.0000   154.0000     0.0659
  170.0000   156.0000     0.0643
  170.0000   158.0000     0.0569
  170.0000   160.0000     0.0479
  170.0000   162.0000     0.0405
  170.0000   164.0000     0.0345
  170.0000   166.0000     0.0247
  170.0000   168.0000     0.0183
  170.0000   174.0000     0.0200
  170.0000   176.0000     0.0260
  170.0000   178.0000     0.0320
  170.0000   180.0000     0.0432
  170.0000   182.0000     0.0419
  170.0000   184.0000     0.0459
  170.0000   186.0000     0.0508
  170.0000   188.0000     0.0573
  170.0000   190.0000     0.0677
  180.0000    80.0000     0.1430
  180.0000    82.0000     0.1408
  180.0000    84.0000     0.1394
  180.0000    86.0000     0.1387
  180.0000    88.0000     0.1377
  180.0000    90.0000     0.1354
  180.0000    92.0000     0.1379
  180.0000    94.0000     0.1342
  180.0000    96.0000     0.1330
  180.0000    98.0000     0.1313
  180.0000   100.0000     0.1301
  180.0000   102.0000     0.1316
  180.0000   104.0000     0.1309
  180.0000   106.0000     0.1293
  180.0000   108.0000     0.1284
  180.0000   110.0000     0.1276
  180.0000   112.0000     0.1289
  180.0000   114.0000     0.1269
  180.0000   116.0000     0.1237
  180.0000   118.0000     0.1237
  180.0000   120.0000     0.1223
  180.0000   122.0000     0.1231
  180.0000   124.0000     0.1244
  180.0000   126.0000     0.1256
  180.0000   128.0000     0.1226
  180.0000   130.0000     0.1213
  180.0000   132.0000     0.1146
  180.0000   134.0000     0.1123
  180.0000   136.0000     0.1101
  180.0000   138.0000     0.1054
  180.0000   140.0000     0.1040
  180.0000   142.0000     0.1013
  180.0000   144.0000     0.0996
  180.0000   146.0000     0.0981
  180.0000   148.0000     0.0966
  180.0000   150.0000     0.0927
  180.0000   152.0000     0.0869
  180.0000   154.0000     0.0877
  180.0000   156.0000     0.0872
  180.0000   158.0000     0.0823
  180.0000   160.0000     0.0756
  180.0000   162.0000     0.0682
  180.0000   164.0000     0.0623
  180.0000   166.0000     0.0524
  180.0000   170.0000     0.0432
  180.0000   172.0000     0.0363
  180.0000   174.0000     0.0278
  180.0000   176.0000     0.0246
  180.0000   178.0000     0.0209
  180.0000   184.0000     0.0219
  180.0000   186.0000     0.0268
  180.0000   188.0000     0.0333
  180.0000   190.0000     0.0436
  190.0000    90.0000     0.1363
  190.0000    94.0000     0.1351
  190.0000    96.0000     0.1339
  190.0000    98.0000     0.1322
  190.0000   100.0000     0.1310
  190.0000   102.0000     0.1324
  190.0000   106.0000     0.1302
  190.0000   108.0000     0.1293
  190.0000   110.0000     0.1285
  190.0000   116.0000     0.1271
  190.0000   118.0000     0.1271
  190.0000   120.0000     0.1257
  190.0000   122.0000     0.1265
  190.0000   132.0000     0.1251
  190.0000   134.0000     0.1229
  190.0000   136.0000     0.1208
  190.0000   138.0000     0.1170
  190.0000   140.0000     0.1157
  190.0000   142.0000     0.1133
  190.0000   144.0000     0.1121
  190.0000   146.0000     0.1109
  190.0000   148.0000     0.1095
  190.0000   150.0000     0.1055
  190.0000   152.0000     0.0997
  190.0000   154.0000     0.1009
  190.0000   156.0000     0.1007
  190.0000   158.0000     0.0959
  190.0000   160.0000     0.0906
  190.0000   162.0000     0.0873
  190.0000   164.0000     0.0868
  190.0000   166.0000     0.0769
  190.0000   170.0000     0.0677
  190.0000   172.0000     0.0608
  190.0000   174.0000     0.0523
  190.0000   176.0000     0.0491
  190.0000   178.0000     0.0455
  190.0000   180.0000     0.0436
  190.0000   182.0000     0.0334
  190.0000   184.0000     0.0262
  190.0000   186.0000     0.0211
  190.0000   188.0000     0.0148
  195.0000    88.0000     0.1392
  195.0000    90.0000     0.1370
  195.0000    92.0000     0.1394
  195.0000    94.0000     0.1358
  195.0000    96.0000     0.1345
  195.0000    98.0000     0.1329
  195.0000   100.0000     0.1317
  195.0000   102.0000     0.1331
  195.0000   104.0000     0.1325
  195.0000   106.0000     0.1308
  195.0000   108.0000     0.1300
  195.0000   110.0000     0.1291
  195.0000   112.0000     0.1305
  195.0000   114.0000     0.1302
  195.0000   116.0000     0.1277
  195.0000   118.0000     0.1277
  195.0000   120.0000     0.1263
  195.0000   122.0000     0.1271
  195.0000   124.0000     0.1313
  195.0000   126.0000     0.1341
  195.0000   130.0000     0.1301
  195.0000   132.0000     0.1258
  195.0000   134.0000     0.1246
  195.0000   136.0000     0.1225
  195.0000   138.0000     0.1189
  195.0000   140.0000     0.1178
  195.0000   142.0000     0.1156
  195.0000   144.0000     0.1147
  195.0000   146.0000     0.1134
  195.0000   148.0000     0.1120
  195.0000   150.0000     0.1080
  195.0000   152.0000     0.1023
  195.0000   154.0000     0.1035
  195.0000   156.0000     0.1033
  195.0000   158.0000     0.0985
  195.0000   160.0000     0.0932
  195.0000   162.0000     0.0899
  195.0000   164.0000     0.0903
  195.0000   166.0000     0.0879
  195.0000   170.0000     0.0787
  195.0000   172.0000     0.0718
  195.0000   174.0000     0.0633
  195.0000   176.0000     0.0601
  195.0000   178.0000     0.0565
  195.0000   180.0000     0.0546
  195.0000   182.0000     0.0444
  195.0000   184.0000     0.0371
  195.0000   186.0000     0.0321
  195.0000   188.0000     0.0285
  195.0000   190.0000     0.0230
  195.0000   190.0000     0.0230
